80	83
108	110
115	116
175	178
185	186
144	197
204	206
204	207
205	207
206	207
204	208
206	208
207	208
214	215
215	217
214	219
217	219
249	251
265	267
267	268
310	311
43	318
24	327
339	341
324	372
372	373
370	374
381	385
392	393
398	399
437	441
31	446
64	458
48	473
212	480
408	488
80	526
83	526
87	549
236	554
261	582
291	611
604	615
211	616
661	663
663	665
663	666
665	666
667	669
675	676
36	681
150	682
287	685
115	700
697	701
446	706
250	710
231	725
728	729
81	746
153	757
588	783
570	787
743	790
28	816
644	816
719	818
486	824
827	828
12	841
607	860
472	871
331	876
878	891
387	902
495	919
913	925
926	928
930	932
453	953
423	955
953	956
288	957
960	962
384	966
271	977
228	984
242	986
740	989
839	997
160	999
360	1009
830	1013
709	1014
880	1018
587	1031
842	1033
475	1035
1038	1040
1038	1041
1040	1041
1038	1042
1040	1042
1041	1042
118	1050
989	1050
816	1057
889	1062
383	1063
743	1075
790	1075
320	1076
98	1078
818	1082
776	1085
1087	1088
1098	1100
357	1103
995	1107
1023	1108
816	1111
460	1119
794	1125
767	1135
1074	1150
70	1155
790	1165
712	1167
1168	1169
155	1170
871	1211
775	1212
878	1220
286	1221
1235	1236
603	1254
573	1255
726	1256
346	1259
32	1261
1267	1268
790	1276
1273	1283
116	1293
1139	1310
1312	1316
295	1325
1335	1338
998	1342
106	1345
164	1356
334	1367
296	1372
953	1374
1036	1386
1055	1388
514	1407
1354	1418
209	1419
1113	1423
1113	1427
1420	1429
133	1430
1431	1432
245	1437
1121	1439
1266	1443
1260	1446
1134	1449
1350	1455
1377	1459
1377	1466
608	1474
434	1478
1479	1483
1296	1491
1492	1493
633	1494
330	1496
1508	1509
1532	1534
1240	1540
1302	1549
651	1553
1394	1557
465	1560
28	1562
1571	1573
1570	1577
1573	1577
1569	1578
1570	1578
1569	1579
1570	1579
1571	1579
1573	1579
47	1580
1574	1580
1575	1580
1576	1580
1573	1585
1573	1586
1570	1587
1578	1587
1570	1588
1578	1588
1570	1589
1578	1589
1588	1589
1573	1590
1578	1590
1573	1591
1578	1591
265	1597
1570	1606
1578	1606
1572	1607
1573	1607
1577	1607
1579	1607
1585	1607
1586	1607
1569	1608
1570	1608
1578	1608
1587	1608
1588	1608
1589	1608
1570	1609
1578	1609
1588	1609
1608	1609
1569	1610
1570	1610
1578	1610
1587	1610
1588	1610
1589	1610
1606	1610
1608	1610
292	1624
11	1625
1630	1632
344	1640
1026	1640
1043	1642
662	1644
653	1649
858	1649
888	1650
718	1652
158	1654
1552	1656
1187	1659
1129	1661
1047	1664
782	1669
1515	1678
751	1702
873	1711
61	1717
1152	1717
696	1719
220	1722
1258	1725
662	1726
1644	1726
1713	1729
1566	1731
1734	1735
238	1737
1055	1741
850	1749
768	1769
75	1775
832	1777
1778	1779
1001	1787
909	1798
1689	1800
992	1823
1383	1827
1822	1827
1216	1828
1442	1832
1682	1840
309	1843
151	1845
1402	1845
139	1846
610	1848
1071	1859
410	1868
1693	1872
1722	1877
1630	1879
919	1882
1197	1889
1634	1890
698	1891
699	1892
1665	1892
816	1898
380	1900
57	1906
1905	1907
1907	1908
113	1909
1912	1914
1390	1915
536	1921
538	1921
879	1924
1502	1925
867	1927
1378	1927
1457	1927
195	1929
97	1934
1003	1940
735	1947
264	1955
785	1970
890	1972
1975	1976
1975	1977
1976	1977
1184	1978
95	1983
744	1986
1308	1988
1262	1989
1433	1995
808	1997
397	2001
1176	2016
196	2019
809	2028
531	2031
588	2032
1821	2035
448	2037
69	2039
557	2040
1603	2041
457	2043
1119	2043
962	2049
1189	2055
1763	2057
203	2061
1130	2065
1487	2067
1397	2069
368	2071
256	2073
722	2081
1381	2084
1191	2085
297	2088
1125	2092
990	2093
1183	2098
489	2102
2083	2103
2113	2114
2115	2116
2127	2128
1300	2138
580	2144
585	2147
2148	2153
2152	2154
2155	2157
2155	2158
2154	2159
2155	2159
2157	2159
2158	2159
1010	2163
2096	2164
2150	2167
2152	2167
2154	2167
2155	2169
2157	2169
2158	2169
2159	2169
1728	2172
1361	2176
715	2177
1183	2180
917	2181
473	2186
824	2189
1546	2191
1260	2193
976	2195
73	2199
385	2206
2210	2211
2210	2212
2211	2212
2211	2213
2212	2213
2211	2214
2212	2214
2212	2215
2213	2215
2214	2215
2211	2216
2212	2216
2213	2216
2215	2216
2210	2217
2211	2217
2210	2218
2211	2218
2212	2218
1593	2219
1781	2219
2210	2220
2211	2220
2212	2220
2214	2220
2210	2222
2212	2222
2215	2222
2217	2222
2210	2223
2211	2223
2213	2223
2214	2223
2215	2223
2216	2223
2217	2223
2222	2223
625	2234
416	2244
800	2245
1922	2251
2250	2252
1649	2253
2070	2267
2270	2271
386	2275
306	2278
308	2278
2279	2280
921	2281
1200	2289
2291	2293
1116	2297
668	2299
2020	2300
199	2307
532	2312
705	2312
1453	2317
1670	2319
1129	2321
426	2325
1379	2328
1055	2333
1701	2336
1813	2340
1299	2342
875	2345
1630	2346
1630	2347
2346	2347
2326	2358
2246	2365
1774	2366
924	2370
504	2372
2372	2374
413	2384
137	2393
624	2394
659	2397
883	2407
967	2409
539	2410
29	2411
382	2411
683	2411
844	2411
1698	2411
637	2412
161	2413
842	2414
639	2416
2045	2416
1188	2417
575	2419
2265	2426
1163	2427
1733	2438
2432	2439
2434	2439
2435	2439
2435	2441
2439	2441
2442	2444
2432	2448
2435	2448
2439	2448
2441	2448
1927	2455
1356	2458
1565	2460
1079	2467
1558	2469
2140	2474
2277	2478
4	2479
2203	2479
689	2481
890	2484
1496	2485
2493	2494
2493	2495
2494	2495
2493	2496
2494	2496
2495	2496
2493	2497
2494	2497
2495	2497
2496	2497
2493	2498
2494	2498
2495	2498
2496	2498
2497	2498
1601	2499
2493	2500
2495	2500
2496	2500
2497	2500
2498	2500
2493	2501
2495	2501
2496	2501
2498	2501
2500	2501
1398	2503
2510	2511
213	2514
1132	2516
294	2517
2518	2519
2519	2522
2519	2523
2519	2524
2526	2528
2526	2529
2528	2529
2527	2530
449	2533
2112	2534
2436	2537
66	2538
572	2540
1247	2544
592	2545
1243	2548
1244	2550
1438	2557
1504	2570
233	2572
2578	2579
773	2581
2137	2582
2029	2585
1250	2587
1996	2588
1867	2593
868	2595
1473	2597
1084	2606
277	2608
332	2609
1722	2611
2589	2617
1467	2619
930	2620
932	2620
1719	2627
1319	2638
1844	2640
1844	2641
188	2648
1160	2649
1878	2652
658	2653
247	2654
288	2655
957	2655
1437	2659
105	2662
337	2665
2017	2666
1607	2667
1294	2670
425	2672
2265	2673
2426	2673
2204	2679
2035	2687
2472	2689
2670	2689
2362	2690
2520	2692
1783	2699
738	2700
257	2701
13	2702
828	2706
2706	2708
1327	2710
2712	2714
2274	2715
1605	2722
1124	2723
1513	2724
1248	2730
464	2735
2743	2744
1551	2745
297	2746
1551	2748
2745	2748
2583	2751
1551	2752
2748	2752
1551	2753
2745	2753
1881	2756
2077	2759
2391	2760
585	2761
1030	2764
2717	2765
1295	2767
2237	2768
1027	2770
1744	2775
853	2776
541	2778
1748	2779
2780	2781
2295	2790
1724	2792
2481	2797
350	2802
2592	2805
2166	2807
2130	2811
2554	2819
1467	2837
201	2840
1021	2841
2470	2846
1785	2847
502	2848
2711	2850
316	2851
1584	2851
11	2859
931	2859
1625	2859
1834	2860
2078	2865
1539	2866
1833	2868
2411	2869
2366	2871
1091	2873
1322	2885
869	2886
1770	2891
1727	2892
114	2894
846	2900
691	2902
2902	2904
2333	2905
1462	2907
1947	2907
2906	2908
25	2912
2915	2916
2915	2917
2916	2917
2859	2920
405	2921
2612	2922
1503	2924
596	2931
694	2932
784	2934
1123	2934
1464	2935
1565	2940
1158	2941
2818	2943
185	2950
186	2950
2369	2951
2952	2954
2952	2955
2694	2956
2960	2962
187	2963
621	2964
2616	2964
1363	2972
168	2983
1827	2984
1921	2993
851	2995
1921	2996
1921	2997
2993	2997
2996	2997
634	2998
1270	3001
3008	3010
2937	3012
455	3013
2484	3014
3008	3016
3010	3016
3017	3018
2546	3022
2930	3025
294	3028
848	3028
3029	3031
678	3032
3029	3035
3034	3035
2824	3036
2862	3042
375	3044
585	3053
3059	3061
1985	3068
2622	3070
2629	3070
1144	3071
529	3073
3006	3080
1125	3082
1764	3084
2537	3086
2537	3087
3086	3087
2674	3092
2967	3095
772	3096
2375	3101
15	3102
2785	3104
789	3113
3111	3113
1233	3116
989	3117
1050	3117
1125	3127
451	3129
2736	3130
3135	3138
3140	3141
3140	3142
3141	3142
1067	3148
1288	3149
1120	3153
474	3159
3084	3164
1476	3167
65	3168
1788	3172
2210	3187
2211	3187
2212	3187
2223	3187
2681	3189
2132	3190
983	3191
1802	3193
1994	3193
3194	3196
1598	3198
1528	3200
1041	3204
1968	3206
331	3208
796	3209
1486	3211
3126	3226
583	3229
648	3229
107	3238
109	3238
1685	3241
130	3242
2196	3249
1631	3251
1614	3252
1053	3253
1803	3256
1151	3262
2058	3265
2560	3265
16	3266
277	3267
1900	3269
2091	3270
342	3272
987	3273
2009	3275
1047	3282
1664	3282
1130	3284
1036	3290
1386	3290
1469	3290
1107	3292
2875	3293
3176	3294
2353	3299
3287	3300
1426	3301
2939	3304
263	3309
680	3311
896	3317
3068	3321
1527	3322
2313	3324
3320	3325
2727	3329
961	3330
1919	3332
2556	3333
2551	3334
762	3335
1035	3337
581	3339
1726	3342
365	3343
2964	3344
34	3350
594	3352
1282	3355
831	3359
434	3367
1214	3367
3357	3375
483	3380
2927	3386
716	3390
2290	3393
2462	3394
1204	3395
2859	3396
1639	3397
251	3401
253	3401
605	3402
820	3402
3399	3402
2567	3404
1202	3406
1413	3407
46	3410
477	3411
971	3413
142	3415
2878	3416
1899	3418
2961	3419
2367	3420
3421	3422
3422	3423
3421	3425
3423	3425
3125	3426
3421	3426
3422	3426
3423	3426
3425	3426
3421	3428
3425	3428
2138	3430
73	3434
59	3435
760	3439
2085	3441
485	3442
825	3450
506	3452
630	3453
281	3454
74	3455
3056	3462
778	3463
1524	3465
692	3466
3047	3467
756	3471
3072	3472
210	3475
1355	3475
2273	3478
3128	3479
1831	3482
2506	3489
2970	3494
2017	3496
2801	3496
3405	3496
1983	3501
1720	3502
2056	3502
1958	3504
216	3505
3470	3509
2310	3510
2888	3511
588	3512
983	3515
3191	3515
401	3520
400	3521
401	3521
366	3523
1658	3525
1052	3527
1002	3532
429	3533
713	3534
1703	3535
1002	3536
2255	3541
724	3542
3168	3547
947	3549
3549	3551
296	3554
1372	3554
282	3556
373	3556
1223	3557
278	3559
2137	3562
3124	3563
1447	3568
70	3569
1281	3571
1620	3572
1484	3574
991	3576
992	3581
402	3582
808	3582
2483	3582
628	3583
1674	3591
2392	3592
3381	3593
2395	3595
108	3596
3514	3597
1463	3600
1170	3601
189	3603
882	3603
2675	3604
708	3616
2430	3617
1257	3618
3325	3623
972	3624
3580	3626
622	3627
2647	3629
604	3631
615	3631
2929	3632
246	3635
1022	3637
1481	3637
1441	3640
1750	3640
3143	3644
82	3648
3640	3649
1573	3654
1577	3654
1579	3654
1585	3654
1586	3654
1590	3654
1591	3654
1607	3654
1925	3655
968	3657
825	3659
3473	3662
68	3665
3195	3666
37	3668
3134	3669
588	3670
646	3674
124	3678
1001	3683
1933	3683
997	3693
2	3694
1456	3695
555	3696
2572	3697
125	3698
809	3698
2787	3698
1791	3699
3482	3701
3043	3705
3707	3708
3709	3710
1580	3711
1607	3711
3654	3711
1256	3714
3139	3718
3307	3721
1547	3725
2476	3735
835	3737
2756	3738
2857	3741
2840	3742
2521	3743
1911	3744
3235	3744
598	3747
2408	3750
2129	3752
904	3754
570	3758
787	3758
3639	3759
3508	3760
714	3761
3155	3762
1336	3763
1860	3765
3610	3768
3076	3770
1880	3771
1903	3773
2603	3773
3636	3776
116	3780
1253	3784
651	3786
2693	3788
1623	3791
147	3792
2261	3793
2018	3794
2202	3801
1254	3805
2837	3806
585	3807
3628	3808
3215	3809
1723	3812
2000	3815
1292	3816
273	3817
690	3822
1784	3822
3261	3822
388	3824
1849	3825
949	3829
898	3831
2145	3831
373	3832
412	3834
3834	3835
3179	3836
863	3840
2160	3842
3526	3848
1348	3853
227	3857
522	3857
3379	3859
1093	3861
462	3866
1751	3867
3220	3867
1952	3868
1231	3870
3872	3873
2416	3874
200	3875
2445	3876
3871	3877
830	3878
1013	3878
3474	3880
269	3881
3013	3882
2963	3883
1887	3885
1067	3888
2007	3893
3575	3894
2311	3895
3105	3896
3433	3897
3392	3900
104	3902
3906	3907
3906	3908
3907	3908
3906	3910
3907	3910
3908	3910
2234	3911
257	3913
1118	3915
3115	3920
2059	3922
1186	3924
2285	3925
2844	3925
3158	3926
452	3928
3661	3928
1447	3937
577	3938
2149	3940
2750	3940
3941	3943
3941	3944
3943	3944
1517	3945
2386	3946
3445	3948
3771	3950
3651	3952
3927	3953
3456	3954
2373	3957
2033	3958
790	3959
2488	3960
170	3961
1196	3970
1762	3972
2412	3974
2344	3978
1051	3980
3727	3990
3684	3992
862	3994
3837	3996
3673	3998
3755	3999
3447	4001
521	4003
166	4004
2237	4004
470	4007
3112	4007
1203	4010
1349	4011
3449	4012
655	4013
459	4014
1131	4014
3550	4016
3727	4016
3990	4016
3504	4020
342	4021
3436	4022
2991	4024
143	4025
3298	4028
1739	4029
3302	4029
3625	4031
3349	4034
2731	4035
1705	4036
1817	4039
3364	4043
511	4044
3582	4049
3243	4050
3624	4055
2658	4058
3735	4060
4058	4061
2794	4064
3667	4065
1981	4070
1707	4071
4072	4073
730	4076
818	4078
1054	4080
1458	4083
2127	4086
2128	4086
1451	4087
2128	4088
2896	4089
894	4090
8	4091
2411	4094
3114	4095
3296	4096
45	4097
1229	4098
1726	4099
2777	4100
1319	4101
2638	4101
2456	4105
1140	4106
2657	4108
63	4109
443	4109
4007	4112
170	4113
3590	4114
53	4119
2590	4120
4121	4123
92	4124
1049	4124
3675	4126
1344	4130
1348	4131
916	4134
1353	4135
2557	4136
1000	4138
1926	4140
4116	4142
146	4149
3582	4151
2944	4153
2939	4155
2514	4156
400	4159
401	4159
401	4160
4021	4163
469	4165
3898	4165
1157	4166
1060	4171
3530	4173
3233	4174
2739	4176
809	4178
2028	4178
3522	4180
22	4181
270	4181
383	4187
856	4189
3026	4189
3235	4191
849	4194
688	4195
515	4198
3746	4199
202	4200
4170	4200
900	4201
3919	4201
3063	4203
517	4204
3640	4204
2926	4205
838	4207
1201	4208
404	4213
876	4214
297	4217
1580	4219
1581	4219
1582	4219
1583	4219
3065	4219
2313	4221
3324	4221
3210	4222
1471	4225
1681	4229
1980	4233
1601	4236
2986	4238
1357	4239
2628	4240
806	4243
963	4247
1857	4248
1289	4252
2536	4252
44	4253
2577	4253
2267	4254
2594	4257
2913	4259
464	4260
1838	4261
1089	4262
3774	4266
3431	4267
357	4269
520	4269
2976	4271
3918	4272
877	4274
3046	4275
673	4281
589	4282
275	4287
2823	4287
2227	4291
179	4293
191	4294
2965	4294
784	4305
2934	4305
3681	4308
2268	4313
600	4318
4007	4321
2578	4322
2579	4322
1665	4324
3015	4324
1467	4326
1672	4327
3512	4331
3368	4334
3469	4337
3247	4339
2406	4340
2396	4341
2489	4341
1507	4345
3160	4346
4107	4348
1633	4352
73	4354
2258	4355
1927	4358
138	4363
854	4366
1543	4370
2062	4372
2855	4373
2874	4377
3057	4381
3074	4382
90	4383
462	4385
2977	4387
3324	4390
3829	4391
3324	4393
4393	4394
2970	4396
5	4398
48	4399
473	4399
4273	4402
3427	4404
2826	4405
4390	4407
4393	4407
4394	4407
4221	4408
3716	4413
3660	4414
792	4416
262	4421
3731	4422
2050	4423
2616	4424
2964	4424
3344	4424
716	4425
1159	4433
3232	4435
3730	4435
53	4436
1876	4440
1704	4443
2515	4446
1061	4447
3339	4448
3117	4449
3446	4452
3132	4455
1237	4460
652	4462
2031	4462
3002	4463
2793	4465
409	4467
1743	4467
1809	4468
1833	4470
2430	4471
159	4472
3622	4472
866	4481
1129	4483
2433	4485
4297	4486
2853	4487
1908	4488
2312	4489
527	4494
148	4495
4491	4496
4496	4497
3039	4499
3398	4499
3120	4502
1279	4505
1260	4507
1323	4509
1894	4511
1501	4512
2992	4512
2994	4512
2338	4513
1331	4514
3523	4517
1882	4518
1139	4522
1310	4522
1315	4524
4305	4525
2086	4526
1118	4529
2282	4529
3298	4530
4028	4530
1496	4534
4255	4539
1526	4541
2549	4542
818	4543
2296	4545
4547	4548
3891	4549
2771	4554
2248	4555
4077	4558
1927	4559
3586	4561
4504	4562
4374	4563
4564	4565
2895	4566
2449	4567
2816	4568
978	4569
3338	4570
2006	4571
2162	4571
1616	4572
266	4577
2818	4579
2671	4580
4479	4580
2820	4582
4578	4583
4211	4586
3412	4590
4356	4591
3006	4593
266	4595
1300	4596
2138	4596
241	4598
3338	4599
4570	4599
1887	4600
2697	4601
3811	4602
1790	4605
475	4612
3916	4613
4382	4615
1503	4624
1858	4626
4026	4627
2335	4628
4629	4631
3756	4633
4633	4634
2615	4639
285	4643
1213	4644
4640	4645
240	4651
1352	4652
3704	4656
3404	4658
4311	4659
4314	4659
799	4660
4313	4661
3122	4662
4664	4665
872	4667
2883	4667
2883	4668
4667	4668
1000	4669
2306	4672
3953	4673
2575	4674
3968	4676
979	4677
262	4678
4421	4678
3438	4681
3089	4682
1651	4683
2631	4685
1497	4686
3376	4687
325	4688
1376	4690
1486	4691
516	4692
362	4693
760	4694
2124	4695
627	4697
23	4700
121	4700
3889	4700
1570	4701
2525	4702
4219	4703
3119	4704
641	4708
4707	4708
641	4710
4707	4710
4708	4710
641	4711
4707	4711
4708	4711
4710	4711
982	4712
476	4716
4667	4718
2031	4721
1301	4722
975	4723
4726	4728
3338	4731
4570	4731
4599	4731
4571	4732
437	4734
441	4734
1812	4735
3192	4736
2829	4737
3118	4739
1209	4740
1125	4746
1083	4749
1868	4750
3051	4751
4415	4754
230	4757
4368	4759
4761	4763
4761	4764
4763	4764
4303	4765
2454	4769
4768	4769
1417	4770
3500	4772
418	4773
729	4775
914	4777
1193	4777
4775	4780
4780	4781
4775	4782
4780	4782
728	4783
729	4783
4775	4783
4780	4783
4781	4783
1174	4785
3169	4785
2531	4787
3382	4787
4588	4787
2087	4788
4790	4791
4434	4794
4173	4797
3771	4799
4800	4801
4800	4803
4801	4803
548	4805
3278	4810
2262	4811
2602	4811
2721	4811
2754	4811
4133	4813
77	4815
2793	4818
4462	4821
2822	4829
716	4836
2784	4838
2171	4841
4839	4842
721	4844
435	4845
1722	4847
1745	4849
4832	4850
4273	4852
2007	4853
2597	4854
936	4857
4611	4858
4851	4859
1149	4860
1104	4861
2038	4862
1027	4863
454	4867
1736	4869
1065	4870
3773	4872
944	4873
884	4874
3676	4874
1536	4877
749	4878
2465	4879
83	4884
567	4884
1825	4885
4327	4888
4521	4890
4889	4891
4889	4892
4891	4892
195	4893
2562	4896
3552	4898
4787	4898
3847	4902
2971	4904
489	4905
4115	4908
4909	4910
613	4912
3695	4914
2557	4915
4883	4916
3693	4918
2390	4922
927	4924
2453	4925
17	4927
2889	4931
2644	4932
99	4934
2234	4936
3911	4936
1172	4939
3306	4943
2679	4945
4158	4946
1699	4948
566	4952
528	4957
3826	4958
2985	4960
4961	4962
4401	4963
2827	4964
2613	4965
4961	4966
4962	4966
4109	4967
760	4968
330	4969
1496	4969
2485	4969
3315	4969
3905	4969
4534	4969
4653	4969
4835	4969
804	4970
1287	4970
280	4972
2082	4974
3689	4975
719	4979
857	4980
1174	4983
4969	4985
4451	4986
3664	4988
394	4989
1122	4990
1241	4991
3412	4992
2095	4994
1309	4996
1638	4996
4998	4999
2532	5002
5001	5005
5004	5006
1722	5008
552	5009
1197	5010
2872	5010
578	5011
1015	5012
4969	5014
3693	5018
2481	5020
1227	5021
4386	5025
1523	5026
1676	5026
3094	5026
4926	5030
1739	5032
1745	5033
4849	5033
2726	5034
1114	5035
4504	5037
4562	5037
2290	5041
2195	5042
1320	5043
1207	5044
4474	5045
1261	5049
4616	5050
2260	5055
1378	5057
487	5058
3823	5058
4834	5058
5015	5058
3878	5060
3437	5061
786	5064
4057	5065
4561	5066
1215	5069
3604	5071
3230	5072
2030	5073
3587	5081
4508	5085
1505	5093
2360	5096
4601	5097
2623	5098
3432	5102
3663	5103
3843	5106
406	5109
1718	5112
2457	5115
71	5122
2353	5125
4499	5126
3724	5129
5101	5129
5127	5129
5130	5131
2221	5133
5127	5133
5129	5133
818	5134
1082	5134
2791	5135
1027	5136
1602	5136
1669	5136
2385	5136
4699	5136
4258	5137
572	5140
3214	5141
451	5144
814	5146
744	5148
1963	5152
1468	5154
1219	5156
3212	5157
3443	5161
3316	5162
5039	5164
2334	5165
643	5166
3620	5168
816	5169
932	5170
2620	5170
1592	5171
3652	5172
4556	5173
1916	5175
5176	5178
5177	5178
466	5180
893	5185
4234	5187
5189	5190
4597	5191
90	5193
970	5194
3499	5194
1164	5196
260	5197
2701	5201
4150	5202
1472	5207
5208	5209
5209	5210
5208	5211
5209	5211
5210	5211
3544	5213
2068	5215
3162	5217
5216	5218
4360	5222
4067	5223
4032	5224
4312	5225
1128	5227
1340	5233
1691	5233
2404	5233
3354	5235
4713	5236
2823	5239
1722	5241
805	5243
1837	5243
421	5245
3978	5247
644	5249
152	5250
414	5251
762	5254
2981	5255
1408	5256
2982	5258
4307	5260
1441	5261
2146	5262
2509	5263
2338	5266
847	5267
3900	5269
4536	5272
2818	5273
4579	5273
177	5275
4369	5275
5110	5275
643	5280
2015	5282
3264	5284
1108	5285
4018	5287
353	5290
1829	5290
837	5293
5296	5297
2030	5298
5073	5298
5296	5299
5297	5299
309	5300
4527	5301
3555	5302
632	5303
1806	5307
1810	5307
2344	5307
3487	5308
1214	5309
193	5311
2467	5312
2956	5313
4646	5313
4457	5314
3100	5316
832	5317
4571	5320
4007	5321
4606	5323
4245	5327
3340	5329
3834	5330
910	5332
1926	5334
2387	5335
2311	5336
4969	5338
2989	5340
2060	5343
2002	5347
5346	5348
4498	5352
911	5353
349	5354
2870	5356
5234	5357
1263	5358
2572	5359
3040	5361
3183	5361
2277	5365
1795	5368
1864	5369
1951	5369
1239	5371
2343	5373
1055	5377
4666	5381
4824	5383
1477	5387
1496	5388
3645	5389
3049	5390
1228	5397
894	5398
4901	5398
5324	5399
3804	5400
973	5401
1799	5402
1416	5403
4047	5404
4343	5404
1510	5407
2411	5410
1927	5413
5057	5413
3038	5414
287	5418
7	5419
1561	5420
4442	5422
4024	5423
33	5424
1393	5425
2799	5428
1007	5432
3700	5434
2010	5435
3103	5436
1324	5437
1844	5438
1278	5440
1020	5441
1844	5442
1612	5443
1542	5444
2580	5445
5092	5449
1512	5450
3811	5451
4602	5451
2091	5453
724	5454
1640	5455
703	5457
2887	5460
5461	5462
1927	5464
5057	5464
953	5465
956	5465
2024	5467
1949	5469
5466	5469
4982	5471
5172	5472
4338	5475
3376	5476
2691	5477
4871	5478
2642	5479
1941	5480
4509	5482
3240	5485
3680	5488
1888	5492
78	5493
2247	5494
1709	5500
5331	5501
403	5502
4484	5504
3323	5506
3687	5508
2591	5509
3506	5509
3769	5510
2131	5511
3772	5514
2959	5515
4329	5516
1044	5517
1755	5518
5495	5519
1954	5521
2648	5522
194	5523
1897	5524
4193	5525
3202	5526
3657	5527
5516	5527
2813	5528
3545	5529
5530	5531
5218	5532
494	5534
2477	5537
1984	5539
3740	5541
5324	5542
5399	5542
1535	5543
731	5544
701	5547
283	5548
1646	5549
4654	5553
290	5554
1023	5558
5557	5559
120	5563
693	5566
4868	5567
1653	5569
5568	5569
4200	5570
2569	5573
2677	5578
3265	5581
351	5584
4743	5585
326	5586
2610	5587
5430	5587
4362	5588
1930	5589
478	5591
5080	5593
4234	5594
974	5595
4306	5596
4955	5596
5597	5598
335	5599
2233	5601
2911	5603
5294	5606
18	5607
349	5608
1068	5612
4432	5613
415	5614
867	5615
4137	5616
5087	5619
5192	5620
560	5624
3558	5625
2238	5628
2290	5629
588	5631
5471	5632
1463	5633
4128	5637
2195	5642
385	5643
2206	5643
4371	5648
5497	5651
4720	5652
1806	5653
4203	5654
2979	5655
1298	5656
3437	5657
969	5658
4933	5659
1272	5662
3748	5664
4351	5665
2778	5669
3020	5670
4597	5670
3485	5672
5671	5673
4323	5674
1046	5676
1177	5677
4173	5678
1959	5680
2359	5680
179	5681
1002	5685
3993	5686
4561	5687
3242	5690
5684	5690
4085	5692
4316	5693
4116	5696
3177	5697
428	5701
2947	5702
3613	5703
2487	5704
1277	5705
2423	5705
442	5706
2482	5706
5605	5706
1618	5709
1146	5712
4981	5714
2437	5715
2457	5719
3262	5720
417	5721
2287	5722
1643	5724
3175	5724
135	5725
1378	5727
5057	5727
5413	5727
3498	5728
481	5730
5181	5732
2974	5735
3539	5738
5288	5740
547	5741
3363	5744
5078	5745
5444	5745
557	5746
4175	5748
3366	5749
3372	5750
224	5751
3099	5752
3663	5753
4995	5754
714	5755
5503	5756
1990	5761
614	5764
4417	5766
1823	5767
5054	5767
3496	5768
997	5769
1760	5770
4678	5771
602	5772
2949	5774
5365	5777
650	5781
855	5782
1715	5782
1722	5783
1816	5784
733	5785
2007	5786
1998	5787
1815	5788
1307	5789
5083	5790
5547	5791
4941	5792
243	5793
4200	5793
2520	5795
2027	5796
1673	5798
302	5801
2568	5806
5667	5807
768	5809
4756	5811
4464	5817
5762	5819
4246	5821
2257	5822
537	5823
3778	5824
2018	5826
3794	5826
1024	5827
819	5828
139	5829
1846	5829
2732	5829
3182	5829
5053	5829
2978	5830
5409	5831
5237	5832
2248	5834
5745	5835
2909	5836
1311	5838
861	5840
7	5842
4765	5843
2812	5846
885	5847
997	5849
752	5850
2751	5851
4838	5851
5350	5854
1801	5858
2599	5860
3775	5863
239	5864
2031	5867
4007	5867
5866	5868
919	5869
3491	5872
5417	5874
938	5875
4869	5877
5026	5878
957	5880
2655	5880
5333	5881
4223	5882
2202	5884
2101	5886
5265	5888
1404	5889
651	5890
94	5891
764	5892
2205	5892
1971	5893
3798	5893
933	5894
2144	5895
933	5896
5894	5896
2620	5897
5894	5898
5896	5898
4314	5899
5177	5900
5178	5900
935	5902
951	5903
5894	5904
5896	5904
5898	5904
470	5905
1899	5905
4321	5905
1190	5907
5203	5907
2411	5908
4741	5911
2411	5912
2301	5913
1885	5916
5581	5918
2242	5920
1359	5921
1637	5921
3019	5921
3687	5924
2134	5926
3727	5927
4016	5927
3727	5930
5310	5933
1245	5935
576	5936
2686	5936
4552	5936
357	5937
163	5942
1029	5944
4779	5946
1886	5947
1031	5948
1030	5949
301	5950
5737	5952
2473	5953
853	5955
2776	5955
626	5956
1059	5958
2390	5959
2547	5959
1842	5960
5617	5961
2411	5962
117	5963
331	5965
2416	5966
3874	5966
5964	5966
5630	5970
2005	5972
5855	5972
149	5973
126	5974
626	5975
2357	5976
5160	5976
4804	5977
1081	5980
3460	5980
5979	5980
2968	5981
4201	5981
5747	5981
4040	5983
2463	5984
4736	5986
1076	5987
912	5988
1783	5988
3171	5988
3739	5988
4819	5988
4985	5988
491	5990
3650	5990
585	5992
3131	5993
4553	5994
5107	5994
1000	5997
3000	5998
4152	6000
4389	6000
854	6001
5550	6003
2678	6005
1096	6006
5639	6007
695	6010
1110	6010
1511	6010
1928	6010
3147	6010
5971	6010
3308	6012
5016	6013
3957	6014
3424	6018
4259	6019
60	6021
484	6022
2298	6024
5412	6025
1023	6026
1108	6026
169	6027
3357	6027
1496	6029
1110	6031
6010	6031
4278	6034
3753	6035
496	6036
5149	6036
5743	6037
600	6038
647	6039
4380	6039
5484	6039
1048	6040
5941	6042
1115	6043
3185	6045
5635	6046
2076	6049
6048	6049
5922	6050
3197	6053
2923	6054
3197	6055
6053	6055
3197	6058
6053	6058
6055	6058
2316	6063
540	6064
4343	6066
5404	6066
1136	6067
101	6069
1137	6070
3890	6071
2749	6073
1141	6074
682	6076
5556	6077
4007	6078
5082	6082
1862	6083
3821	6083
5432	6085
4439	6086
5244	6087
1142	6088
3038	6091
2877	6092
2879	6092
1525	6094
640	6095
6090	6097
3365	6098
4202	6098
5362	6101
4974	6103
2573	6105
4231	6107
1434	6108
1820	6109
1177	6110
5677	6110
6059	6111
4172	6113
1470	6114
30	6117
5609	6118
6068	6118
971	6119
1170	6120
2445	6121
3027	6122
4206	6123
945	6125
2249	6125
3098	6127
2642	6128
852	6129
1857	6130
3797	6130
1192	6131
3184	6133
5100	6133
3764	6134
2090	6135
1226	6139
5718	6139
711	6141
4907	6142
1008	6145
1207	6146
5044	6146
2201	6148
1812	6150
4735	6150
4806	6151
3503	6152
1955	6153
1465	6154
670	6155
748	6156
5086	6156
2079	6157
878	6158
5636	6159
5496	6161
5734	6161
4571	6162
4508	6163
5919	6164
3146	6165
4411	6165
3971	6167
2239	6168
4329	6169
4132	6173
4133	6173
1273	6174
1283	6174
1410	6175
2099	6176
3088	6176
4336	6177
5780	6177
2789	6178
1756	6179
5111	6180
996	6181
2725	6181
3871	6183
3796	6187
5765	6188
962	6189
5689	6192
2330	6193
3474	6196
3880	6196
5799	6196
4145	6199
2355	6200
4056	6201
1370	6203
515	6204
1214	6205
2379	6206
163	6207
5942	6207
227	6210
5931	6210
1402	6211
2831	6212
3083	6214
1555	6215
3417	6216
3638	6217
2882	6219
797	6220
2324	6221
165	6222
432	6222
1284	6222
3496	6222
4880	6222
45	6223
1	6225
2126	6228
4185	6228
649	6230
1489	6231
5999	6233
5105	6234
4290	6235
320	6237
235	6239
6056	6240
964	6241
1039	6241
4940	6241
4221	6245
328	6246
558	6246
2688	6250
2508	6251
3231	6251
4164	6253
5212	6254
3923	6255
3409	6256
85	6257
5626	6258
1617	6263
41	6265
4474	6267
5342	6268
4125	6269
466	6270
5794	6270
5298	6271
5136	6273
1405	6275
3015	6276
3914	6276
4324	6276
1644	6278
5549	6280
2053	6281
5247	6285
50	6286
6036	6287
1973	6288
2192	6289
3813	6290
5092	6292
2471	6295
54	6296
6284	6297
4767	6298
2388	6302
1663	6303
2731	6304
5427	6304
1187	6306
1659	6306
4820	6306
1187	6307
1659	6307
6306	6307
2830	6308
5487	6311
787	6314
5374	6314
294	6315
3571	6317
6096	6319
1680	6321
45	6322
3503	6324
6152	6324
2795	6325
1684	6326
2361	6327
2668	6331
3672	6334
3864	6334
3444	6335
5445	6337
1384	6338
5271	6339
1222	6340
1275	6340
5370	6340
2313	6341
3324	6341
4221	6341
4390	6341
4393	6341
4394	6341
4407	6341
4408	6341
5304	6345
929	6346
6002	6346
172	6347
3832	6348
3152	6349
6209	6350
1252	6351
1722	6351
1877	6351
2611	6351
3163	6351
3966	6351
5241	6351
6266	6352
3383	6354
997	6355
1802	6356
2426	6357
2673	6357
3745	6358
3237	6359
6359	6360
1611	6361
6359	6361
6360	6361
134	6362
1199	6363
1740	6364
2821	6365
1520	6366
3414	6369
2804	6370
696	6371
3703	6371
149	6372
1400	6372
6156	6372
4072	6373
4073	6373
2463	6374
3611	6377
2953	6378
3429	6379
708	6380
3640	6381
6385	6386
57	6388
1615	6389
5059	6390
40	6391
4462	6392
2578	6395
6158	6396
4030	6397
2834	6399
1707	6400
5463	6401
2513	6402
1776	6403
74	6405
954	6406
1771	6407
6015	6407
3263	6408
4661	6409
1926	6410
3310	6410
4140	6410
5108	6411
103	6414
492	6414
4437	6415
788	6416
3004	6416
1783	6420
5988	6420
5967	6421
396	6422
1884	6424
3097	6424
4000	6424
5928	6424
1927	6426
4169	6427
1319	6430
2638	6430
4101	6430
2669	6431
4350	6432
4620	6433
61	6435
3729	6436
6436	6438
1814	6444
1797	6446
5382	6447
243	6448
4200	6448
5793	6448
3174	6451
5726	6454
12	6455
1395	6458
6456	6459
6457	6459
3781	6460
3899	6462
1806	6464
5495	6465
5519	6465
2242	6467
2398	6468
2091	6469
2988	6471
3136	6474
4603	6475
2709	6476
5289	6479
2601	6480
4939	6481
4146	6482
3513	6484
2663	6486
1290	6488
155	6489
1170	6489
2696	6490
128	6494
4721	6494
506	6495
2733	6496
6185	6496
6333	6496
1855	6497
6095	6498
4758	6499
4286	6501
6003	6502
5236	6503
1850	6505
1852	6506
6509	6512
1966	6513
4083	6514
2918	6515
4733	6516
6509	6519
6512	6519
1548	6520
3955	6520
6519	6521
6519	6522
6521	6522
4490	6524
2424	6525
4816	6525
4232	6527
3280	6528
6528	6529
4302	6530
4147	6533
5688	6533
4787	6535
6471	6536
1838	6538
4938	6539
1125	6540
6506	6540
1882	6541
6471	6543
2820	6544
1528	6547
4083	6548
6514	6548
2229	6549
5072	6550
27	6551
5825	6552
4911	6553
5439	6555
1622	6556
1939	6556
1961	6556
5446	6558
1109	6561
445	6562
4178	6563
47	6564
815	6564
3205	6565
6569	6570
4704	6574
4704	6575
4705	6575
6569	6575
6570	6575
6572	6575
6573	6575
6570	6576
6575	6576
6226	6577
4093	6580
62	6581
5837	6582
6276	6583
2596	6584
859	6585
6011	6586
2072	6588
5856	6589
1902	6594
6214	6597
4755	6599
1488	6600
4812	6601
2468	6602
3003	6603
5901	6605
1932	6606
823	6607
3685	6608
988	6609
3538	6610
6126	6610
1936	6611
97	6612
337	6612
1934	6612
2665	6612
3326	6612
5252	6612
6398	6612
1333	6614
6032	6617
3528	6618
5378	6620
5378	6621
582	6622
1943	6624
498	6626
1436	6626
5582	6626
1406	6627
6368	6628
116	6630
816	6631
5169	6631
5249	6631
6259	6635
4333	6636
2944	6637
4153	6637
3625	6638
4031	6638
4476	6638
1496	6639
2485	6639
4969	6639
5388	6639
6029	6639
1286	6640
1500	6640
1789	6641
1303	6642
5521	6642
1129	6643
2545	6644
5842	6646
5564	6647
813	6649
3953	6650
1866	6651
2140	6652
2474	6652
1922	6653
2251	6653
6591	6653
132	6654
1556	6655
3565	6656
1334	6658
6371	6661
4537	6662
5429	6663
4510	6664
2004	6665
1247	6668
2531	6669
2183	6672
6106	6672
5074	6674
2543	6676
2411	6678
3359	6679
5980	6682
2000	6687
3815	6687
4384	6688
197	6689
5499	6690
3075	6692
2774	6694
6595	6696
5578	6700
6697	6701
6697	6702
6701	6702
5418	6703
2557	6705
5408	6706
5829	6708
3123	6710
1000	6711
4843	6712
2640	6715
718	6716
1652	6716
331	6717
4183	6717
4214	6717
5716	6719
4251	6721
4879	6723
3749	6725
2740	6726
5644	6728
6727	6729
86	6730
4730	6731
3291	6732
6244	6732
1321	6734
2374	6736
3584	6737
6736	6737
5319	6741
20	6742
2779	6742
1796	6743
3331	6746
4935	6748
2014	6749
1683	6751
293	6752
619	6752
4419	6752
4462	6754
2780	6755
2781	6755
4969	6759
6639	6759
6756	6760
284	6761
834	6763
6764	6765
6393	6766
5959	6770
4451	6771
4986	6771
2440	6772
2401	6773
6049	6773
6695	6773
3186	6774
807	6776
1568	6778
1728	6778
2172	6778
5395	6779
1366	6781
6176	6783
3903	6784
2559	6785
3219	6786
4954	6786
2101	6787
1073	6788
3492	6789
1564	6791
704	6793
6238	6795
1218	6797
6186	6798
1925	6799
3201	6800
2026	6801
2840	6802
5551	6802
4909	6803
4910	6803
1893	6804
4162	6806
3414	6807
6369	6807
2541	6808
1826	6811
5326	6813
5592	6813
4110	6814
6542	6814
404	6815
4213	6815
3373	6816
1249	6817
6753	6818
3133	6821
3223	6821
918	6822
1365	6823
5087	6825
4038	6826
4068	6827
1435	6828
1524	6829
3465	6829
3921	6830
2148	6833
2153	6833
2148	6834
2153	6834
6833	6834
2148	6835
2153	6835
6833	6835
6834	6835
2459	6837
6794	6837
821	6840
2150	6841
2158	6843
6840	6843
2152	6846
2154	6846
2155	6847
2157	6847
2158	6847
2169	6847
2152	6848
2154	6848
2167	6848
6841	6848
6846	6848
2150	6849
2152	6849
2154	6849
2167	6849
6841	6849
6846	6849
6848	6849
4929	6850
5745	6851
1077	6853
2175	6854
3482	6855
6159	6857
2184	6858
2185	6858
225	6860
1805	6860
11	6861
1358	6861
1625	6861
2859	6861
6463	6861
6375	6862
3	6863
53	6865
906	6866
4619	6867
4531	6868
1099	6869
3103	6870
4006	6870
6839	6870
4304	6871
1953	6872
5642	6873
6589	6874
6372	6875
1396	6876
6079	6876
6206	6876
1162	6877
1904	6877
2539	6878
5618	6879
1903	6883
6328	6884
664	6886
4111	6887
4211	6888
4586	6888
6657	6889
2431	6890
881	6891
901	6891
1278	6891
4104	6891
5440	6891
5887	6892
2337	6893
2778	6894
6305	6896
4826	6897
5398	6898
3052	6899
1567	6900
741	6901
1143	6903
439	6904
28	6905
893	6906
993	6907
5305	6908
6722	6908
1874	6909
1922	6910
6653	6910
2254	6911
315	6912
1080	6912
5232	6912
1352	6914
4610	6915
5745	6918
1666	6919
793	6921
3546	6921
533	6924
2378	6925
2383	6927
5272	6928
5319	6929
6741	6929
765	6930
4182	6931
3735	6933
4865	6934
3476	6935
4054	6935
3621	6937
2379	6938
6034	6941
4250	6942
6116	6945
5512	6947
202	6948
1461	6948
4200	6948
3666	6950
3935	6951
4679	6952
5546	6952
6953	6954
6954	6955
2117	6956
2117	6957
6956	6957
6956	6958
6957	6958
6956	6959
6958	6959
6957	6960
6958	6960
6959	6960
2676	6961
93	6964
6222	6965
5876	6966
1351	6967
4928	6969
2675	6970
5587	6971
524	6972
4063	6973
3003	6974
1016	6975
1938	6976
2364	6979
519	6980
5154	6981
1230	6982
656	6984
5079	6986
438	6987
5026	6988
1335	6989
1338	6989
3727	6990
1179	6992
3368	6993
840	6994
3170	6995
2309	6996
5433	6997
4520	6998
1264	6999
4194	7001
3748	7002
3023	7003
992	7004
2094	7006
3154	7007
4459	7007
4864	7008
2339	7009
6816	7011
102	7012
5114	7013
2661	7014
3045	7016
3286	7016
5468	7016
2278	7017
3239	7019
6944	7021
1064	7022
4978	7023
3606	7024
3783	7025
994	7026
3640	7029
2720	7030
3608	7031
6730	7031
4212	7032
2054	7033
6977	7034
4951	7035
1394	7036
1557	7036
4888	7036
5666	7036
3223	7037
821	7040
4485	7041
5345	7041
364	7043
5286	7044
2713	7046
5186	7046
1254	7047
6680	7049
1946	7050
870	7051
2382	7052
6424	7053
2283	7054
3849	7055
1245	7056
5440	7057
1616	7058
4572	7058
2726	7059
3985	7059
5364	7059
3840	7060
5290	7061
4177	7063
1249	7064
6021	7064
6817	7064
2505	7065
2719	7067
4531	7068
6868	7068
4601	7069
5097	7069
542	7071
5206	7071
1266	7072
5116	7072
1536	7073
4150	7074
5202	7074
1730	7075
3062	7076
123	7077
14	7079
1943	7080
6517	7080
6624	7080
5264	7081
5405	7083
569	7084
4906	7084
1526	7085
4544	7086
6380	7087
3796	7088
2402	7089
5848	7089
7090	7091
7091	7092
2415	7093
7091	7093
7092	7093
7091	7094
7092	7094
7093	7094
7094	7095
482	7097
1153	7097
4503	7097
5379	7097
6809	7097
5421	7098
500	7100
981	7103
1685	7103
3713	7104
5883	7105
6283	7107
509	7108
3408	7108
3479	7109
6660	7111
2286	7112
2320	7112
5871	7112
6917	7112
1926	7113
5829	7114
707	7115
4430	7116
997	7119
7120	7121
5036	7122
2928	7123
3743	7124
3815	7125
6687	7125
4513	7128
4367	7129
4017	7130
2428	7131
2433	7132
7133	7134
2443	7135
5695	7136
1205	7137
4277	7137
2327	7138
2004	7140
1102	7141
4359	7141
4796	7141
5577	7141
3378	7142
1813	7144
2949	7145
6182	7146
6224	7146
2645	7148
2351	7149
270	7151
5217	7152
568	7154
1679	7154
3114	7154
2464	7156
561	7157
2018	7158
3794	7158
3255	7160
503	7161
2580	7162
5445	7162
4332	7163
74	7164
4546	7165
321	7166
1853	7167
5226	7168
383	7169
2135	7170
3374	7172
6066	7173
3851	7174
4714	7175
2235	7177
2756	7177
1634	7178
3504	7180
6638	7180
4611	7181
4858	7181
2860	7182
1844	7184
3641	7184
5438	7184
5442	7184
5994	7184
5230	7186
3178	7187
1329	7188
5561	7190
2507	7192
4956	7194
6604	7194
7196	7199
6191	7200
3265	7201
3743	7202
6477	7203
1113	7205
1563	7206
3024	7207
6190	7208
6190	7209
7208	7209
4462	7210
3241	7211
3977	7212
6653	7213
5091	7214
2122	7215
3328	7216
2970	7217
1506	7218
4851	7219
4859	7219
5859	7220
3136	7221
2151	7222
2893	7223
505	7226
5707	7226
4477	7230
584	7231
2352	7231
5107	7232
2749	7233
2553	7235
749	7236
143	7238
2562	7240
1117	7241
584	7242
7231	7242
6442	7244
4371	7245
4709	7247
1552	7248
5238	7250
227	7251
1195	7251
6210	7251
7093	7252
4361	7256
5184	7258
6320	7259
4069	7260
182	7261
5168	7262
2586	7263
1364	7264
2818	7266
7265	7268
6523	7269
4876	7270
777	7271
4263	7272
6667	7272
5700	7278
1657	7279
5009	7280
6908	7281
5988	7282
4374	7283
1919	7284
3332	7284
96	7285
2734	7286
6301	7287
7274	7288
2605	7290
1599	7291
3773	7291
6104	7292
4965	7294
6323	7294
5923	7295
1433	7296
2757	7296
1274	7297
4808	7297
1920	7299
7298	7301
5710	7303
2318	7304
3827	7305
7306	7307
2630	7309
2598	7310
4186	7312
377	7313
2630	7315
2637	7316
3571	7317
6493	7318
743	7320
790	7320
1276	7320
2622	7320
6518	7320
4895	7321
4030	7322
6218	7322
6397	7322
1114	7323
363	7324
2803	7324
4574	7324
6047	7325
2431	7326
5763	7327
305	7328
1028	7328
2525	7332
6197	7333
1044	7334
5517	7334
2226	7335
896	7337
366	7338
3523	7338
3643	7339
2937	7340
1514	7341
3319	7342
2651	7343
5392	7347
5621	7347
6634	7350
259	7351
4033	7351
1318	7354
4320	7354
5357	7354
6466	7354
2966	7355
1530	7356
4467	7357
6004	7358
2800	7359
343	7360
3334	7361
104	7362
1450	7362
3902	7362
965	7363
5120	7364
6852	7364
5736	7365
5017	7366
2075	7369
675	7371
3932	7372
716	7373
5059	7374
4305	7375
6523	7377
4752	7378
687	7379
2685	7379
7302	7380
2292	7381
3289	7382
7383	7385
917	7386
2680	7388
436	7389
563	7391
6691	7392
6195	7393
4283	7394
4081	7395
3675	7396
6478	7397
1385	7400
140	7401
2089	7402
3787	7403
1000	7404
5448	7405
5837	7407
6582	7407
2716	7408
564	7410
7255	7411
7027	7412
1125	7413
3536	7414
750	7415
5159	7415
2726	7416
5611	7419
7155	7420
2742	7422
3675	7423
4837	7425
2179	7426
1045	7427
4760	7431
7425	7431
910	7432
4760	7433
7425	7433
7431	7433
310	7434
311	7434
939	7434
3548	7434
3727	7434
3830	7434
6990	7434
585	7435
1629	7436
2762	7437
618	7438
2737	7440
100	7441
1196	7442
6351	7443
3376	7444
5476	7444
555	7445
3696	7445
2080	7446
2810	7446
3127	7447
755	7448
1014	7450
3350	7451
826	7452
4167	7452
7191	7452
686	7456
5142	7456
2023	7457
5850	7458
1982	7460
6881	7461
1198	7462
6769	7463
2411	7464
4549	7467
3698	7469
3987	7470
7156	7473
7239	7474
1242	7475
2788	7476
4288	7477
2481	7479
4887	7481
4776	7482
2142	7483
4738	7484
2798	7485
4220	7486
3496	7488
3024	7489
7207	7489
6882	7490
1373	7491
4179	7492
2859	7494
1965	7495
4212	7495
7367	7495
2772	7496
2945	7496
4002	7496
7026	7496
843	7497
2391	7498
4874	7500
3656	7501
5976	7502
3514	7503
7504	7505
1290	7506
1792	7507
4190	7508
6916	7509
2390	7510
5959	7510
4000	7511
5351	7512
3392	7513
4805	7514
4257	7515
1555	7516
6968	7519
7520	7522
6060	7523
4323	7524
3005	7526
1694	7527
6523	7528
7269	7528
2437	7531
5274	7532
579	7533
2957	7533
7521	7535
1095	7536
7520	7537
7521	7537
7535	7537
7521	7538
7535	7538
7537	7538
7520	7539
7522	7539
7522	7540
7537	7540
7538	7540
7521	7541
7535	7541
7537	7541
7538	7541
7540	7541
299	7542
4429	7543
5800	7545
2248	7546
313	7548
7311	7549
5360	7550
6601	7551
1445	7552
1341	7553
1330	7554
3090	7554
3531	7554
3613	7554
3799	7554
4129	7554
4969	7555
1425	7556
6455	7557
4462	7560
546	7561
1097	7562
679	7563
7230	7564
4342	7565
2864	7566
7567	7568
2867	7569
1424	7572
3168	7573
6844	7575
2174	7577
1148	7578
5540	7579
7066	7580
4011	7583
2883	7584
7578	7585
2881	7586
3653	7587
503	7588
88	7589
2805	7591
7343	7593
383	7594
3082	7595
847	7596
3854	7597
6184	7598
2896	7599
693	7600
2442	7601
2444	7601
3834	7602
7118	7603
2942	7604
2911	7605
2723	7606
3869	7607
162	7609
4717	7609
111	7610
3838	7611
4971	7612
5204	7612
3553	7613
6962	7613
7319	7613
3254	7615
7616	7617
3058	7618
7618	7619
545	7620
5426	7621
2492	7622
5808	7623
2901	7626
2843	7627
5471	7628
5708	7629
5645	7630
513	7631
5649	7631
725	7633
2111	7636
4921	7636
4575	7637
2939	7639
2277	7640
3277	7641
623	7642
3197	7643
2557	7645
2545	7646
2899	7648
6629	7649
6343	7650
5910	7651
4706	7652
4585	7653
5813	7654
899	7655
6384	7656
2264	7657
7440	7659
4635	7660
4500	7664
2910	7665
2840	7666
5759	7667
5459	7668
260	7670
2684	7671
6757	7672
3755	7673
3999	7673
4196	7673
4256	7674
6770	7678
7097	7679
3202	7680
7112	7680
2420	7681
5113	7683
1887	7685
5393	7686
223	7687
7362	7688
3009	7692
3011	7692
4453	7695
7591	7696
4833	7697
4395	7698
1090	7699
3011	7700
7692	7700
1346	7701
3008	7702
3010	7702
3016	7702
7331	7704
7120	7705
3822	7706
467	7707
7102	7708
5240	7709
2643	7710
4473	7711
2012	7712
908	7713
7112	7713
7283	7713
3039	7714
4499	7714
3564	7715
4825	7716
1377	7717
1304	7718
4296	7718
5602	7718
7452	7720
7719	7721
1772	7722
3365	7723
4202	7723
6098	7723
3210	7724
7059	7725
5998	7727
3064	7728
1947	7729
980	7730
5925	7730
3037	7731
895	7733
2689	7735
7204	7736
5491	7737
2686	7738
5936	7738
5150	7739
2480	7740
2008	7742
5398	7743
7702	7744
4959	7746
4944	7748
2660	7749
1490	7750
4587	7750
5995	7750
4623	7751
272	7752
2380	7753
3386	7753
6708	7754
2537	7755
3086	7755
3087	7755
3720	7756
2842	7758
304	7759
354	7759
2411	7760
3958	7762
1950	7763
7198	7764
6412	7765
1819	7766
6441	7768
5698	7769
2467	7772
6504	7773
7771	7774
1758	7775
5775	7775
3110	7776
3121	7777
4084	7778
2451	7779
766	7780
2755	7780
2763	7780
6372	7781
4538	7782
3913	7783
4009	7784
1143	7786
2074	7787
7785	7787
6102	7789
5773	7790
5778	7791
7193	7791
1290	7792
1145	7793
3122	7795
3369	7796
1526	7797
4541	7797
1246	7798
2731	7798
3748	7800
7276	7801
3614	7802
5242	7804
3303	7805
4200	7807
6948	7807
7684	7808
6090	7809
1441	7810
3640	7810
7029	7810
2760	7811
6752	7814
7449	7815
6089	7816
3963	7817
7689	7818
5789	7819
3139	7820
3718	7820
5067	7824
511	7826
6316	7826
408	7827
5296	7828
5297	7828
5299	7828
2112	7829
2534	7829
1793	7830
310	7831
7534	7832
26	7833
1687	7834
7671	7835
1780	7837
1645	7839
3157	7840
6699	7841
7838	7842
127	7843
7421	7843
3137	7844
3158	7845
821	7846
6450	7848
6342	7850
5092	7851
6292	7851
1782	7852
7395	7852
3166	7853
4165	7853
3093	7854
6236	7857
7010	7858
3203	7859
888	7861
4444	7862
4597	7863
938	7864
671	7865
4347	7866
5147	7867
3173	7868
1627	7870
5853	7871
7847	7872
192	7873
5248	7873
818	7874
4078	7874
3188	7875
6413	7876
7675	7876
3102	7878
1020	7882
1824	7885
5700	7886
361	7887
3312	7888
7037	7889
7322	7890
3210	7891
7045	7891
3038	7892
7865	7894
609	7897
7003	7899
4441	7900
6556	7900
7390	7901
7058	7902
1476	7904
3502	7905
1476	7906
42	7907
2849	7907
5056	7907
5279	7907
756	7908
3471	7908
4786	7909
5117	7909
4122	7910
3570	7911
4357	7912
7544	7914
3867	7916
5675	7917
6545	7917
7753	7918
5228	7919
3637	7922
73	7923
7316	7925
7176	7927
3774	7928
4533	7929
6625	7930
3973	7931
3757	7932
3779	7932
4325	7932
4358	7932
4604	7932
4608	7932
7110	7932
3345	7933
874	7934
4050	7935
1362	7936
7940	7941
6704	7942
7938	7942
7941	7942
3483	7943
3145	7944
6156	7945
6372	7945
3482	7947
5701	7948
5068	7949
3257	7950
3295	7952
545	7953
4303	7954
3993	7955
6089	7955
55	7957
1234	7957
3205	7959
1343	7960
3864	7961
3388	7962
3917	7962
5240	7962
1955	7963
7185	7964
7418	7965
1700	7966
3277	7968
7641	7968
6424	7969
6124	7970
1067	7971
3888	7971
668	7972
4143	7972
2391	7974
4053	7975
336	7976
7977	7978
638	7979
3353	7979
3647	7980
1108	7981
4335	7981
7273	7981
2025	7983
2723	7984
7606	7984
5887	7985
7511	7986
3928	7987
5896	7988
1754	7989
5038	7989
2063	7990
4413	7991
440	7992
4997	7992
7659	7995
5062	7998
1767	7999
2854	8000
3297	8001
660	8002
6693	8003
6332	8004
3306	8005
4777	8007
4426	8009
4882	8010
1422	8012
1423	8012
4187	8012
5346	8012
5348	8012
892	8014
1421	8014
7559	8015
7553	8016
4287	8017
2306	8018
3054	8018
1368	8019
7806	8021
8020	8022
5291	8024
1196	8025
3461	8026
3933	8027
5776	8028
4931	8030
4932	8030
8030	8031
7470	8032
4932	8034
8030	8034
8031	8034
4930	8035
4932	8035
8031	8035
8034	8035
3735	8038
3267	8039
3337	8040
4969	8041
8042	8043
1297	8044
7644	8044
900	8045
2738	8045
2769	8045
3901	8045
3493	8046
8044	8047
4019	8048
2834	8049
6399	8049
2424	8050
4228	8051
6559	8051
493	8052
3723	8052
5525	8052
7631	8054
5812	8056
3457	8057
864	8058
6351	8059
4720	8061
3358	8062
2646	8063
2619	8066
3248	8066
1508	8067
1509	8067
4140	8068
1793	8069
7830	8069
4046	8073
3496	8074
4482	8075
6130	8076
1527	8077
1254	8078
1824	8080
7885	8080
7035	8081
3892	8084
5070	8085
3447	8087
7227	8088
2304	8089
4727	8091
7197	8092
2125	8093
358	8094
4188	8095
389	8096
3588	8096
5000	8096
2466	8097
4724	8102
4590	8103
4992	8103
45	8105
2418	8106
6587	8106
39	8107
2100	8108
424	8109
4630	8110
367	8111
2103	8112
5560	8114
6860	8115
5951	8116
1662	8118
2865	8118
619	8119
903	8119
2224	8119
3250	8119
4419	8119
5818	8119
6752	8119
7703	8119
7814	8119
6949	8120
7232	8121
1537	8122
3889	8123
4700	8123
5989	8124
7806	8125
2741	8126
7189	8127
958	8128
7230	8129
3401	8130
6240	8131
3207	8132
5865	8133
5462	8135
7860	8135
456	8136
7757	8136
6833	8138
5584	8139
1326	8140
723	8141
1806	8143
5653	8143
4508	8144
5132	8144
5474	8144
7677	8145
7346	8147
6598	8148
4595	8149
2399	8150
5814	8151
1165	8152
3720	8153
7756	8153
2422	8154
2267	8155
4913	8156
6951	8157
2838	8158
5659	8159
303	8160
461	8161
1807	8161
8104	8161
231	8163
725	8163
7633	8163
7314	8164
3288	8165
3956	8166
5019	8167
1557	8168
5666	8168
756	8169
3471	8169
7994	8170
7491	8171
1214	8172
3644	8173
22	8174
7496	8176
5386	8177
5219	8178
4848	8179
5334	8180
3564	8181
3928	8182
6434	8184
1648	8186
3477	8187
2839	8188
6927	8190
7822	8191
1217	8192
3488	8193
3491	8194
5872	8194
6439	8197
6440	8197
1673	8198
5815	8199
4140	8200
6681	8201
988	8202
8204	8205
1854	8206
6099	8206
6639	8207
2535	8208
3206	8209
7097	8210
3803	8211
3507	8212
8214	8215
1627	8217
6407	8217
6066	8218
7173	8218
3146	8219
2568	8220
5806	8220
5355	8221
6831	8225
6720	8226
1930	8227
5589	8227
736	8228
2411	8228
5410	8228
5908	8228
4459	8232
3932	8233
7372	8233
959	8234
6861	8235
5124	8236
5660	8237
4920	8238
4571	8239
4732	8239
7943	8240
1408	8242
3385	8242
5256	8242
8079	8242
1516	8243
7544	8243
5275	8244
5545	8245
7951	8245
8183	8246
3852	8247
2884	8248
6613	8249
7558	8250
5889	8251
4571	8252
6160	8253
7911	8254
6645	8255
5018	8256
2132	8257
3558	8258
4814	8258
5625	8258
1022	8259
3273	8259
6810	8260
5583	8261
3567	8262
8227	8263
3967	8266
6415	8268
276	8269
897	8270
7958	8271
8013	8272
2044	8273
56	8274
2182	8274
278	8275
3559	8275
279	8276
7973	8277
1545	8278
1689	8279
4413	8280
4973	8281
893	8283
1399	8283
2591	8283
5185	8283
6566	8283
6685	8283
6906	8283
4911	8285
3840	8286
7883	8286
6471	8287
6536	8287
254	8288
3829	8290
4754	8291
1339	8292
1936	8292
6353	8294
586	8295
5909	8299
7249	8300
645	8302
1401	8303
1014	8304
7450	8304
7097	8306
2912	8307
6673	8309
6673	8310
8301	8310
8310	8311
6329	8312
6673	8312
8301	8312
8310	8312
6673	8313
8310	8313
8311	8313
8312	8313
8309	8314
8301	8315
8310	8315
8311	8315
8312	8315
8313	8315
6673	8316
8310	8316
8312	8316
3049	8317
8310	8318
8312	8318
8313	8318
8310	8319
8312	8319
8313	8319
8310	8320
8312	8320
8313	8320
8312	8321
6673	8322
8310	8322
8312	8322
4235	8323
5620	8323
7553	8325
3594	8326
3671	8326
2911	8328
7605	8328
1800	8329
1366	8330
1206	8333
5841	8334
1541	8335
2520	8336
4861	8337
3496	8338
1942	8339
3259	8339
5938	8340
6062	8340
399	8341
1615	8341
2840	8341
6389	8341
4103	8342
7139	8343
1011	8344
7525	8344
5128	8345
6238	8345
1069	8346
4606	8347
5323	8347
3377	8348
629	8349
1387	8350
6920	8350
3634	8352
5189	8353
4023	8354
6060	8355
8331	8355
2783	8356
2783	8357
8356	8357
4811	8358
4811	8359
4173	8361
2946	8363
1126	8364
1216	8365
3128	8366
3479	8366
1216	8367
5416	8368
2204	8369
2679	8369
4945	8369
8128	8371
6149	8372
136	8373
770	8373
3640	8375
7430	8376
2405	8377
2243	8378
8071	8380
8113	8380
2936	8381
73	8382
7964	8383
1225	8384
5024	8384
3420	8385
507	8386
2275	8386
2481	8386
6567	8387
7879	8387
5578	8388
6700	8388
5493	8389
5802	8389
1766	8390
3529	8391
3245	8392
1522	8393
7903	8393
4173	8394
74	8395
4349	8398
5207	8399
3085	8400
6799	8406
3543	8407
7726	8409
2303	8410
6472	8412
4784	8414
3856	8415
2383	8416
8221	8416
1530	8418
5665	8419
642	8420
2173	8421
3540	8421
715	8423
1580	8424
1818	8425
5415	8426
7770	8427
5244	8429
6087	8429
3769	8430
5510	8430
555	8431
3696	8431
7445	8431
7690	8432
5845	8433
7403	8436
4298	8438
3663	8439
6491	8439
1570	8440
1578	8440
1587	8440
1588	8440
1606	8440
1608	8440
1609	8440
1610	8440
7398	8442
905	8443
7150	8444
7748	8445
2747	8446
3134	8446
7104	8448
2604	8449
4550	8450
5464	8451
1600	8452
4516	8452
2490	8453
1025	8454
1227	8454
1280	8455
5464	8456
4506	8457
3548	8458
4016	8458
7476	8459
6638	8460
4571	8461
1473	8462
7106	8462
6313	8464
5141	8467
1431	8468
1432	8468
7571	8469
2136	8470
3734	8471
7229	8472
3165	8473
5225	8474
6276	8475
2521	8476
3743	8476
1836	8477
1965	8477
2636	8477
4886	8477
5739	8477
6922	8477
7367	8477
7603	8477
338	8478
1835	8479
3996	8479
6537	8479
5205	8480
8070	8481
5954	8483
6850	8485
6724	8486
6135	8487
6839	8488
2234	8490
8485	8492
1752	8494
6557	8494
1765	8495
88	8497
4855	8497
7364	8497
4257	8498
119	8499
2859	8500
6282	8501
3777	8502
6596	8503
3073	8504
6698	8504
4117	8505
5007	8507
7823	8508
4378	8510
2037	8511
1007	8512
2259	8513
2315	8513
5939	8513
7993	8515
5322	8516
8167	8517
3781	8518
6460	8518
3955	8519
5244	8520
7136	8520
272	8521
2835	8521
4184	8523
6641	8523
8463	8523
7603	8524
1006	8525
1224	8526
232	8527
7127	8528
7673	8529
1965	8530
6417	8531
3539	8532
6051	8532
8284	8532
7237	8534
5372	8536
7267	8537
76	8538
2707	8539
7631	8540
2936	8541
8381	8541
141	8543
2389	8543
4976	8544
3988	8545
5358	8545
7308	8545
2536	8547
3109	8548
3610	8548
4310	8550
3751	8551
5509	8552
8283	8552
1454	8553
379	8554
5640	8554
7855	8557
7856	8557
6780	8558
4237	8559
395	8561
684	8562
4856	8564
3403	8565
932	8567
2620	8567
2683	8568
3526	8570
813	8572
6649	8572
4888	8573
3856	8574
8415	8574
6850	8575
1047	8577
1895	8577
6165	8577
3122	8578
3845	8579
6318	8580
5610	8581
3854	8582
7597	8582
2376	8583
322	8584
939	8585
3577	8586
3884	8586
137	8587
3855	8588
3879	8589
7910	8590
997	8591
4846	8591
6953	8592
6954	8592
5090	8593
2903	8594
6677	8595
1050	8597
3763	8598
5380	8599
3537	8600
6510	8601
4226	8603
1892	8604
8605	8606
6351	8607
3458	8608
3882	8609
3981	8610
4406	8611
67	8612
1411	8613
5371	8616
1869	8618
6669	8621
8100	8622
3620	8624
2967	8625
7631	8626
763	8627
4698	8628
5583	8628
3886	8629
5272	8629
1414	8630
3387	8631
1344	8632
1015	8633
8615	8634
4515	8636
4725	8637
3955	8638
1112	8639
3069	8640
1636	8641
4828	8641
7669	8642
4173	8644
4272	8645
3755	8646
4196	8646
7673	8646
8529	8646
654	8647
6867	8647
2059	8648
3922	8648
6332	8649
6776	8650
7898	8651
6946	8652
1660	8653
145	8654
8654	8655
8379	8657
3766	8658
8542	8659
8117	8661
3079	8662
8566	8663
442	8664
5706	8664
2626	8665
4949	8665
7946	8666
4287	8667
466	8668
5180	8668
1146	8669
3448	8669
8203	8669
6842	8670
3929	8671
3370	8672
3951	8673
8405	8674
1863	8675
595	8677
3942	8678
2868	8679
8680	8681
6057	8683
2650	8684
2033	8685
2168	8686
1628	8687
4824	8688
5383	8688
4943	8690
5022	8691
7529	8692
8403	8693
389	8694
105	8695
2022	8696
84	8697
3168	8698
6367	8699
1409	8700
2043	8701
3139	8702
7820	8702
5075	8703
5214	8704
8175	8705
8466	8705
6448	8706
3305	8707
3000	8708
3418	8708
5998	8708
1129	8710
774	8711
1185	8712
7403	8713
3932	8714
6648	8715
1499	8716
7153	8716
4559	8717
7042	8718
7982	8720
2555	8723
8447	8724
5844	8725
3989	8726
5914	8729
1873	8731
2774	8731
3459	8731
2197	8732
2302	8733
4528	8733
4817	8733
1839	8734
3530	8734
4365	8734
5384	8734
7424	8734
7682	8734
227	8736
5885	8736
7251	8736
8509	8736
673	8737
6796	8738
10	8739
2143	8740
255	8742
1183	8743
3077	8743
4753	8743
1604	8745
7428	8746
1746	8747
1175	8748
7826	8750
3191	8751
3688	8752
3663	8753
680	8754
5627	8754
4015	8755
2132	8758
1301	8759
3468	8761
1840	8762
6412	8763
7765	8763
535	8764
1380	8764
7234	8764
5884	8765
6198	8766
7461	8767
946	8768
4022	8769
237	8772
6299	8774
8396	8775
7977	8776
7978	8776
2383	8777
3566	8778
1415	8779
3389	8780
8432	8781
5015	8783
5058	8783
5864	8784
5574	8785
1789	8786
5183	8786
6641	8786
8523	8786
5373	8787
8119	8788
7148	8790
5717	8791
2568	8792
5806	8792
8220	8792
5058	8793
4041	8794
6998	8794
7658	8795
7451	8796
1550	8798
4279	8799
3681	8800
3351	8802
2034	8803
7384	8804
314	8805
1054	8805
4080	8805
3850	8806
1967	8807
2726	8808
7632	8809
7752	8810
865	8811
6824	8811
3206	8812
7472	8813
7406	8814
5385	8815
7126	8819
1804	8820
2348	8820
3237	8820
1655	8821
7224	8822
6441	8823
3256	8824
4795	8825
5084	8826
3256	8827
5723	8828
7813	8828
1803	8829
1930	8830
5589	8830
4648	8833
7967	8834
3285	8835
3904	8836
1761	8837
7880	8837
8104	8838
183	8839
1774	8839
3385	8839
5588	8839
5852	8839
7592	8839
8216	8839
8242	8839
8757	8839
3991	8840
3642	8841
4079	8843
6192	8843
1844	8845
7184	8845
1847	8846
8229	8849
2777	8850
8518	8850
1382	8852
8300	8853
817	8854
795	8855
1232	8856
5969	8856
3717	8857
7026	8858
2232	8859
4424	8860
8789	8861
8008	8862
2544	8863
4240	8865
2502	8866
6262	8868
1225	8869
2557	8872
867	8873
4198	8874
359	8875
7376	8876
5481	8877
5688	8879
6533	8879
3274	8880
3348	8881
4158	8881
4946	8881
1883	8884
3384	8885
2031	8886
4462	8886
4154	8887
871	8888
1211	8888
7066	8889
7580	8889
7843	8890
8264	8891
2814	8892
3578	8893
3863	8894
4894	8895
2939	8896
1251	8897
1251	8898
2167	8899
6849	8899
8708	8900
4168	8901
1261	8902
1830	8903
3867	8904
3502	8905
5507	8905
747	8906
2234	8907
5471	8908
3839	8909
7884	8911
7956	8911
900	8912
5092	8914
5449	8914
6292	8914
8489	8914
4197	8915
4621	8916
6717	8917
1720	8918
2056	8918
3484	8918
3502	8918
7143	8918
8514	8918
3928	8919
858	8920
4603	8921
1911	8922
3235	8922
3744	8922
4191	8922
6819	8924
390	8925
4462	8926
6670	8927
3640	8928
8375	8928
7439	8929
3931	8930
6805	8931
7811	8932
7352	8933
696	8934
6072	8935
3969	8936
6671	8937
5083	8938
5790	8938
3263	8939
579	8940
7533	8940
176	8941
3693	8942
5018	8942
8256	8942
5027	8943
3290	8945
6264	8945
7893	8946
52	8947
71	8948
7750	8948
1771	8949
3687	8950
4823	8951
7527	8952
7911	8953
2640	8955
2641	8955
3789	8956
2236	8958
2120	8960
6246	8965
8454	8968
4606	8969
5323	8969
3800	8970
636	8971
4244	8973
4241	8974
5445	8975
4230	8976
1002	8977
8160	8979
7297	8981
4748	8982
4637	8984
1086	8985
8689	8986
156	8987
2913	8987
5982	8987
5411	8988
5363	8989
7911	8990
1061	8991
3144	8991
5471	8991
5632	8991
5641	8991
8362	8992
3965	8993
5646	8993
1686	8994
70	8995
7465	8996
6879	8997
6832	8998
4287	8999
8904	8999
5804	9000
4275	9001
8520	9002
7257	9003
3081	9004
3732	9004
248	9005
258	9006
3814	9006
2808	9007
6247	9008
2682	9010
9009	9011
9009	9012
9009	9013
9012	9013
4317	9014
6590	9015
8061	9016
2969	9017
454	9018
4661	9018
6409	9018
8126	9019
300	9020
4301	9020
7576	9020
2971	9021
6052	9022
4589	9023
1502	9024
1925	9024
3655	9024
1892	9025
3934	9026
7070	9026
1580	9027
1607	9027
3654	9027
2461	9029
8910	9030
129	9032
2890	9033
7869	9034
3044	9035
319	9036
4977	9037
4491	9038
4496	9038
4392	9039
831	9040
6470	9041
7612	9043
2094	9044
8695	9045
1911	9047
3744	9047
8922	9047
6838	9048
4755	9049
2770	9050
3535	9050
4327	9050
4335	9050
7273	9050
7663	9052
7403	9053
4118	9054
7825	9056
641	9057
5793	9058
6448	9058
3615	9059
4139	9061
774	9062
8711	9062
1671	9063
4117	9064
57	9065
5833	9066
165	9067
6222	9067
1870	9068
3790	9068
5838	9070
3066	9071
2269	9073
6202	9073
7913	9073
6137	9074
644	9075
2552	9076
2564	9076
4360	9076
7693	9076
4375	9077
3997	9079
1951	9080
2284	9080
2446	9081
3199	9081
4519	9082
180	9083
9084	9085
9084	9086
9085	9086
9084	9087
9085	9087
9086	9087
1806	9088
9085	9089
9086	9089
810	9090
4388	9091
2635	9092
7350	9093
8055	9094
6100	9095
9078	9095
2304	9096
7750	9098
7651	9099
2028	9100
7195	9101
7118	9102
7603	9102
3682	9103
6094	9104
6147	9105
4822	9106
7582	9107
6949	9108
4475	9109
5490	9110
348	9111
4973	9113
8281	9113
3106	9114
6196	9115
6359	9116
6360	9116
468	9117
3271	9118
4420	9119
543	9120
4059	9121
8851	9122
8372	9123
2466	9125
9124	9125
116	9126
378	9127
591	9128
4416	9128
6013	9128
9129	9130
2178	9131
4008	9134
6312	9135
6249	9136
5153	9137
2207	9138
4161	9139
4774	9139
6249	9139
9136	9139
7454	9140
174	9141
952	9141
7867	9142
6443	9143
2452	9144
6443	9145
1173	9148
7351	9149
4080	9150
4295	9151
293	9152
1630	9153
4127	9154
2053	9155
5422	9156
4458	9157
1641	9158
5259	9159
550	9161
1322	9162
1647	9162
6110	9162
7055	9162
8677	9162
8817	9162
6041	9163
4480	9164
3062	9165
7076	9165
2825	9166
3224	9167
7937	9168
8402	9168
7465	9169
8360	9171
1066	9172
1732	9173
2689	9174
3181	9175
1596	9176
3480	9176
769	9178
8075	9178
1958	9179
3504	9179
4020	9179
4476	9179
6638	9179
7180	9179
5565	9180
8537	9180
1402	9182
7147	9183
7440	9186
7788	9187
2758	9188
4636	9189
4381	9190
791	9191
4815	9192
1400	9193
6156	9193
6372	9193
7781	9193
7945	9193
4700	9194
1945	9196
2786	9196
6229	9196
3180	9197
2139	9198
4993	9199
5634	9200
1332	9201
35	9202
3733	9203
4535	9204
8614	9207
181	9208
2304	9209
3867	9210
4193	9212
4477	9212
350	9213
2802	9213
812	9214
3237	9215
5118	9216
2897	9217
3361	9217
3298	9218
4028	9218
4811	9219
6707	9220
4529	9221
7573	9221
2331	9222
4242	9223
100	9224
1123	9225
2934	9225
4305	9225
4525	9225
7375	9225
8162	9226
5264	9227
7782	9229
8711	9230
9062	9230
5205	9232
8480	9232
8101	9233
9119	9234
1992	9235
4811	9236
2773	9237
3589	9237
6075	9238
781	9239
7225	9239
4319	9240
5029	9240
7275	9241
1017	9242
4315	9242
590	9244
5306	9244
7734	9245
6853	9246
5831	9248
9248	9249
8422	9250
2876	9251
1979	9252
8267	9252
1389	9253
6279	9254
3225	9255
5195	9255
6850	9255
8575	9255
133	9256
1430	9257
1735	9257
3487	9258
5308	9258
1747	9260
3218	9261
2036	9262
495	9266
8563	9266
2958	9267
5342	9268
6268	9268
9264	9269
8446	9270
4578	9272
4583	9272
4584	9273
9271	9273
8997	9274
8185	9275
588	9276
3384	9277
8885	9277
4148	9279
7345	9279
6930	9282
510	9283
6009	9283
1347	9284
49	9285
3246	9285
4937	9285
5028	9285
5141	9286
8467	9286
4461	9287
6159	9288
8728	9289
1690	9290
5713	9291
4220	9292
2925	9293
21	9294
3860	9295
4397	9296
6343	9297
8711	9297
2872	9298
894	9299
1974	9299
5398	9299
8620	9300
5037	9301
2905	9302
4492	9303
6302	9303
8831	9303
8686	9304
6309	9305
5277	9306
8037	9307
3722	9308
5334	9309
8180	9309
3706	9310
167	9311
8623	9312
887	9313
4157	9314
3979	9315
1716	9317
5799	9319
273	9320
7352	9322
8933	9322
8496	9323
6371	9324
6675	9325
2405	9326
5188	9326
7932	9326
5580	9327
7867	9328
5396	9329
3495	9330
5470	9331
3213	9332
8401	9332
4592	9333
432	9336
9054	9337
1621	9339
7647	9339
2608	9340
5075	9341
8703	9341
6623	9342
1935	9343
7195	9343
9101	9343
5167	9344
5031	9345
3784	9346
8397	9347
754	9348
7171	9348
8060	9348
2030	9349
551	9350
2190	9350
3007	9350
5158	9350
600	9351
1721	9351
8630	9353
2833	9354
6500	9355
3208	9356
4748	9357
8749	9358
3573	9360
4176	9361
4864	9362
9146	9364
329	9365
4677	9366
4309	9367
4313	9367
4661	9367
7257	9368
9003	9368
4309	9369
9367	9369
799	9370
4301	9371
4311	9371
4665	9371
4657	9372
6592	9372
3404	9373
4658	9373
7322	9374
8223	9375
3438	9376
4462	9377
78	9378
1391	9379
3782	9380
3687	9381
5679	9383
4696	9384
9387	9388
6923	9389
8979	9390
6404	9391
3912	9392
8782	9393
8142	9394
5149	9395
6036	9395
2068	9396
2053	9397
6752	9398
2314	9399
3658	9400
326	9401
7016	9402
9196	9402
525	9403
4729	9405
742	9406
745	9406
4727	9407
1495	9408
5679	9408
5996	9409
7507	9410
4571	9411
8957	9413
9414	9415
4763	9416
4764	9416
6382	9417
4730	9418
565	9419
1667	9420
7159	9421
622	9422
8733	9424
620	9425
4268	9425
4493	9426
8428	9427
3013	9428
6260	9429
9170	9430
4762	9431
5684	9431
8482	9433
729	9434
673	9435
4766	9436
7518	9436
760	9437
4386	9438
2633	9439
1327	9440
8848	9441
5978	9442
6546	9442
2880	9443
8085	9444
3936	9446
9445	9446
1170	9448
4471	9450
6449	9451
1909	9452
7039	9454
8656	9455
2416	9456
3874	9456
2356	9457
6	9458
8719	9459
9459	9460
1538	9462
2042	9463
9461	9464
8730	9465
2042	9466
4984	9466
9459	9466
9463	9466
2064	9468
4944	9469
7748	9469
2272	9470
4021	9471
9321	9472
4573	9474
7349	9474
7016	9475
8258	9476
1927	9477
6639	9480
489	9481
2102	9481
6016	9482
6176	9483
6783	9483
7354	9484
4825	9485
9051	9486
606	9487
8722	9488
6274	9489
6452	9490
471	9491
3964	9491
1694	9492
7527	9492
8546	9493
8805	9494
5959	9495
198	9496
2990	9496
4807	9496
8075	9496
8305	9496
5851	9497
7293	9499
2565	9501
8744	9502
6677	9504
8595	9504
2821	9506
3736	9506
3572	9507
5767	9507
2782	9509
6020	9510
6351	9511
8704	9512
4850	9513
5057	9514
7804	9515
5505	9516
8313	9516
7493	9517
3276	9518
3440	9519
2240	9520
2710	9521
2133	9522
5457	9523
154	9524
6507	9525
6208	9526
985	9527
4527	9528
2539	9529
7877	9529
9226	9530
6895	9531
4218	9532
5758	9533
8842	9534
4478	9535
5943	9536
1020	9537
333	9538
5846	9539
7424	9539
5584	9540
72	9542
33	9543
1533	9543
5424	9543
1090	9546
4823	9546
6492	9546
9545	9547
2208	9548
1536	9549
7441	9550
9545	9551
9547	9551
4649	9552
8522	9553
366	9554
3523	9554
1521	9556
8991	9557
943	9558
946	9558
4881	9559
9010	9560
4540	9562
9231	9562
2703	9565
3033	9565
923	9566
1117	9566
7915	9566
1557	9567
8168	9567
3117	9568
6943	9569
3876	9570
5221	9571
6084	9572
6248	9573
8447	9574
3279	9575
1765	9576
4897	9577
8484	9578
1901	9579
6136	9579
3486	9580
1133	9581
508	9582
2632	9583
8426	9584
4295	9585
2219	9586
5731	9586
4919	9587
9060	9587
4762	9589
5810	9590
5149	9591
7251	9593
8011	9594
9505	9596
9588	9596
9595	9596
1236	9597
1034	9598
1475	9598
2121	9598
5103	9598
5181	9598
7972	9598
1804	9599
8820	9599
7635	9600
4285	9602
1507	9605
7926	9606
1448	9607
8435	9607
6213	9608
9138	9608
1417	9609
4917	9610
9601	9610
4831	9611
5622	9611
7821	9611
4165	9612
3775	9613
5863	9613
2276	9614
8350	9615
5536	9616
5016	9618
112	9619
2161	9620
1005	9621
8422	9622
9250	9622
5831	9623
9248	9623
1032	9626
704	9630
9628	9631
9627	9632
2303	9634
8410	9634
6485	9635
3984	9636
7183	9637
3502	9638
3400	9639
1819	9640
7766	9640
6330	9642
2661	9643
7014	9643
3584	9644
6737	9644
4223	9645
2372	9646
2374	9646
3949	9647
3085	9648
6790	9649
2648	9650
3976	9650
2123	9651
3244	9652
5843	9653
8477	9654
5054	9655
9412	9655
6775	9656
2542	9657
1254	9658
7047	9658
4601	9659
638	9660
1105	9661
4899	9662
8265	9664
9316	9665
6394	9666
3609	9667
1408	9668
5256	9668
8242	9668
4587	9669
7453	9669
7640	9669
2937	9670
3012	9670
5015	9670
5058	9670
7340	9670
8783	9670
2403	9671
3953	9673
6237	9673
8878	9675
3979	9676
9315	9676
2411	9679
2858	9680
2491	9681
6666	9682
2013	9683
1183	9684
1964	9684
2098	9684
2180	9684
2558	9684
3077	9684
4753	9684
8743	9684
9335	9685
436	9686
2935	9687
1328	9688
3078	9689
6144	9690
8756	9690
3481	9691
4324	9692
6276	9692
8731	9694
7020	9697
7357	9699
177	9700
5051	9700
5275	9700
8244	9700
2845	9701
7387	9701
8979	9702
257	9704
3913	9704
1334	9705
6658	9705
2332	9706
1317	9707
7893	9708
8946	9708
8298	9709
1260	9711
2728	9712
3318	9713
221	9715
8351	9717
8944	9717
323	9718
4623	9719
5240	9719
7962	9719
8293	9719
8000	9720
1948	9721
6344	9722
7515	9722
2486	9723
4863	9723
1420	9724
1429	9724
5376	9724
1999	9725
3350	9726
2193	9727
8213	9728
4434	9729
3371	9730
3437	9731
983	9732
3191	9732
3515	9732
4561	9733
9696	9734
5099	9735
252	9736
5549	9737
5271	9738
6339	9738
4062	9739
2066	9740
7117	9741
560	9742
5624	9742
3858	9743
5525	9744
7918	9745
3767	9746
5094	9747
5076	9748
3982	9749
1447	9750
3568	9750
7718	9751
5088	9753
466	9754
1851	9754
2308	9754
8668	9754
5087	9755
298	9756
8901	9757
6087	9758
8429	9758
9026	9759
8053	9760
8221	9760
6188	9762
4032	9763
635	9764
9624	9766
8844	9768
3715	9769
7976	9770
8556	9770
2971	9771
3810	9772
3242	9773
58	9774
6310	9775
6300	9776
1050	9777
846	9778
3362	9778
6487	9779
8064	9780
6424	9781
3599	9782
8839	9783
519	9784
6980	9784
3865	9785
4585	9786
588	9787
6747	9788
3663	9789
9181	9789
8569	9790
9573	9791
8741	9792
8867	9793
462	9794
3866	9794
234	9795
4671	9795
6642	9795
530	9796
8731	9797
6926	9798
2625	9799
1712	9800
759	9801
6293	9802
9803	9804
7395	9806
6899	9807
3150	9809
4567	9809
7530	9810
7691	9811
5143	9812
9447	9813
2277	9814
1377	9815
1960	9816
5145	9817
8560	9818
3928	9819
1171	9820
2576	9821
8072	9823
4618	9824
5691	9824
331	9825
876	9825
4214	9825
5157	9826
2514	9827
8535	9827
8682	9827
2125	9828
5155	9829
2898	9830
6336	9831
9453	9832
7767	9833
4042	9834
7743	9834
1440	9835
4501	9836
6940	9836
1247	9837
8795	9838
7702	9839
1508	9840
1509	9840
8067	9840
2070	9841
2267	9841
6077	9842
5180	9843
7018	9844
9670	9845
1337	9846
6167	9847
5406	9848
5489	9849
5886	9850
5512	9851
6861	9853
8023	9854
4037	9855
7704	9856
1858	9857
4626	9857
1599	9858
6526	9858
6115	9859
1753	9861
1757	9861
2141	9861
3246	9861
5283	9861
6272	9861
7254	9861
8308	9861
9177	9861
9821	9861
1157	9864
8065	9866
2475	9867
1874	9869
6909	9869
4857	9870
7214	9872
7516	9874
4557	9875
2817	9876
3293	9876
4066	9876
7638	9876
9473	9876
3833	9877
9852	9878
4633	9879
4634	9879
2424	9881
4816	9881
6525	9881
8050	9881
2908	9882
5391	9882
2856	9883
3313	9883
7836	9884
8488	9885
6066	9886
1147	9887
7329	9888
4792	9889
3048	9890
4141	9890
520	9892
7499	9893
5776	9894
8028	9894
1725	9896
9278	9897
1519	9898
8374	9899
3451	9900
8864	9900
9072	9900
3828	9902
4456	9902
6473	9903
692	9904
6080	9904
4675	9905
5123	9907
2429	9908
5270	9909
5231	9910
2469	9911
5456	9912
2097	9913
2865	9917
9916	9918
431	9919
1951	9920
4178	9921
771	9922
5623	9923
6009	9924
7179	9924
5246	9926
8323	9927
9822	9928
7827	9930
4635	9931
7660	9931
5244	9932
6087	9932
8429	9932
6713	9933
3151	9934
2371	9936
9695	9937
9695	9938
9937	9938
6619	9939
3819	9940
1663	9941
3818	9943
6709	9943
4617	9944
4638	9944
9307	9944
1369	9945
2760	9947
2821	9947
1485	9948
5231	9948
1554	9949
1395	9950
6458	9950
1599	9951
7403	9951
19	9955
3050	9955
6936	9956
4447	9957
5276	9958
1613	9959
2973	9959
702	9960
2933	9960
3416	9960
8809	9962
9961	9963
1392	9964
4809	9964
4683	9965
9954	9966
821	9967
3983	9969
6534	9969
9359	9970
411	9972
8434	9972
4908	9973
9918	9975
9974	9976
480	9977
3091	9978
6291	9978
9868	9978
8506	9979
9752	9980
2810	9981
6252	9981
8471	9982
4689	9983
4641	9984
2047	9985
3000	9986
3991	9989
5933	9990
534	9991
244	9992
7010	9994
6461	9995
9259	9996
734	9997
1329	9997
1875	9997
6738	9997
7188	9997
3100	9998
5316	9998
518	9999
4373	10000
3490	10001
7876	10002
2259	10003
2315	10003
8513	10003
439	10005
4253	10006
7570	10007
5638	10008
5337	10009
7939	10010
5339	10012
4650	10013
9861	10014
3508	10017
6913	10018
1773	10019
4757	10019
6885	10019
6963	10020
4412	10021
4450	10021
2447	10022
5344	10023
780	10024
430	10025
2020	10025
6593	10026
3975	10028
9357	10029
6442	10030
7244	10030
5985	10032
8705	10033
2422	10034
8154	10034
3040	10035
3183	10035
5361	10035
5363	10036
3179	10037
3836	10037
6327	10038
3931	10039
9004	10040
8797	10041
1786	10042
4074	10044
331	10045
2980	10046
3516	10048
3164	10049
9280	10049
2230	10050
9558	10051
7672	10052
3995	10053
1210	10054
2919	10055
6915	10055
2571	10056
677	10057
6351	10058
10059	10060
7770	10061
10059	10062
10060	10062
6532	10063
6750	10063
7496	10064
8176	10064
9872	10065
432	10068
9432	10069
732	10070
7478	10071
940	10072
5870	10072
1695	10073
3216	10074
10015	10075
4670	10076
2130	10077
6081	10077
4300	10078
6103	10079
2512	10080
7471	10081
6785	10082
8082	10082
8816	10083
544	10084
3209	10085
4427	10085
7080	10085
5405	10086
8518	10087
8850	10087
5398	10088
6425	10088
9299	10088
2999	10089
4576	10091
4599	10092
6996	10093
187	10094
3883	10094
7803	10095
1808	10096
8121	10098
10097	10098
4379	10099
8324	10100
9026	10101
5650	10102
937	10103
8509	10105
6140	10106
1402	10107
7097	10108
4900	10109
3685	10110
5043	10111
5940	10113
4931	10114
501	10115
6437	10115
3391	10116
5927	10118
4409	10119
6171	10119
2288	10120
5549	10121
4987	10122
9604	10122
1956	10123
352	10124
4622	10125
1871	10126
6616	10129
4622	10130
4622	10131
4376	10133
6508	10134
6633	10135
6279	10136
5565	10137
8537	10137
9180	10137
3443	10138
4210	10139
10141	10142
3324	10143
4221	10143
4390	10143
6341	10143
9993	10144
5820	10145
6170	10145
6745	10145
3038	10146
4209	10147
4926	10149
6777	10149
4075	10150
4284	10151
8224	10152
9195	10153
2874	10154
4377	10154
896	10156
7138	10157
8882	10158
2400	10159
3587	10160
5081	10160
6294	10160
9808	10160
8188	10161
4005	10162
1759	10163
7344	10163
3771	10164
8613	10165
6659	10166
5174	10167
9917	10168
3221	10169
4216	10169
4478	10169
5138	10170
8869	10171
3538	10172
6610	10172
358	10173
9500	10174
5092	10175
6292	10175
1498	10177
2048	10178
3497	10178
3598	10178
1856	10179
2618	10180
1993	10181
5552	10181
116	10182
9126	10182
8972	10183
6428	10184
9988	10185
572	10186
5682	10187
8134	10188
4445	10189
4875	10192
2368	10193
4144	10193
1265	10194
10191	10195
9417	10196
3482	10197
2200	10198
8370	10198
948	10200
950	10200
356	10201
993	10203
6907	10203
1269	10204
8350	10205
7554	10206
8771	10207
2165	10208
7921	10209
2975	10210
5706	10211
6569	10213
6570	10213
6575	10213
3519	10214
4811	10215
3519	10216
10214	10216
3712	10217
3060	10218
2316	10219
1311	10220
1626	10221
5968	10222
9960	10222
1988	10223
878	10224
6158	10224
6396	10224
9900	10225
8980	10226
3928	10227
6693	10227
8003	10227
8182	10227
2987	10228
9404	10228
10090	10228
3677	10229
6836	10230
5431	10231
5447	10231
5974	10231
1181	10232
717	10233
5448	10234
7405	10234
9140	10234
2248	10235
4437	10236
6415	10236
8268	10236
5814	10237
2294	10238
2411	10238
4532	10239
6707	10240
9220	10240
4560	10241
3930	10242
4607	10242
7662	10242
8090	10242
9052	10242
10202	10243
7097	10245
9633	10246
3820	10247
9722	10247
9871	10248
5043	10249
218	10250
9338	10250
4923	10251
8231	10252
289	10253
599	10254
2425	10254
3236	10254
5458	10255
3260	10256
4571	10257
5063	10258
7487	10259
4177	10260
9363	10261
4273	10262
4052	10264
573	10265
1255	10265
3234	10265
5587	10266
4625	10267
6936	10267
6219	10268
3549	10269
8883	10270
4607	10271
10242	10271
7896	10272
5220	10273
10124	10274
1937	10275
6889	10275
8404	10275
2836	10276
4265	10277
5691	10277
2607	10278
1893	10279
6804	10279
7038	10281
7468	10281
2046	10282
9334	10282
1532	10283
391	10284
3802	10285
3939	10286
4656	10287
4771	10288
9418	10288
8760	10289
4778	10290
9508	10291
6768	10292
1794	10293
3346	10294
9917	10295
2188	10296
939	10297
1004	10298
1271	10298
9285	10299
2634	10300
4811	10300
9219	10300
9544	10300
10215	10300
2341	10301
6632	10302
4035	10303
2094	10304
222	10305
2225	10305
4609	10305
1001	10306
1787	10306
2527	10308
9698	10309
1595	10310
1444	10311
2350	10313
2809	10313
3070	10314
1472	10315
5207	10315
6740	10317
9097	10317
6554	10318
4335	10319
7273	10319
7981	10319
10280	10321
10320	10321
8099	10322
10320	10322
10321	10322
2467	10323
2948	10323
2467	10325
4184	10326
5600	10327
2001	10328
6	10329
2450	10330
1242	10331
4693	10331
7475	10331
2509	10332
5823	10333
1428	10334
5366	10335
293	10336
6429	10336
6752	10336
4744	10337
2614	10338
4283	10339
3108	10340
7353	10342
5902	10343
5896	10344
6028	10345
932	10346
5170	10346
8567	10346
3041	10347
930	10348
932	10348
2620	10348
7547	10348
10346	10348
2068	10350
6243	10351
9942	10352
934	10353
5903	10353
6418	10354
8408	10354
44	10355
4253	10355
10004	10355
4819	10356
7484	10357
8465	10357
67	10358
617	10359
7466	10359
234	10360
2732	10360
3258	10360
3564	10360
6708	10360
7330	10360
7676	10360
7715	10360
7799	10360
7920	10360
9069	10360
9629	10360
10043	10360
10155	10360
10361	10362
10363	10364
2256	10365
4551	10365
5095	10365
8555	10365
10361	10366
7366	10367
9765	10368
3232	10369
4435	10369
8417	10370
9309	10371
55	10372
3746	10372
499	10373
212	10374
8770	10375
10128	10376
3415	10377
3692	10377
8839	10378
1291	10379
369	10380
5742	10380
8493	10381
9055	10383
227	10384
1921	10385
2997	10385
4231	10386
6107	10386
3249	10387
5040	10388
651	10389
7895	10390
9555	10391
17	10392
4927	10392
8185	10393
5047	10394
9132	10395
4742	10396
122	10397
727	10397
6821	10397
7010	10397
376	10398
6393	10399
6766	10399
376	10400
3063	10401
3356	10401
833	10402
1166	10404
1594	10404
1896	10404
5533	10404
10403	10405
8602	10406
5760	10407
865	10408
226	10409
3346	10410
5733	10410
8222	10410
10294	10410
5991	10411
10027	10412
2412	10413
3974	10413
4948	10414
7322	10415
5933	10416
7348	10417
4619	10418
209	10419
2810	10419
2863	10421
5009	10421
7280	10421
407	10422
3117	10423
9028	10424
6251	10425
631	10426
3971	10426
3169	10427
709	10428
8304	10428
3687	10429
3822	10429
974	10430
1314	10430
5595	10430
4866	10431
10242	10432
5699	10434
567	10435
7574	10436
2195	10437
9561	10438
4276	10439
9880	10440
1135	10442
5258	10442
5467	10443
4684	10444
4700	10445
8123	10445
419	10446
4789	10448
10263	10448
9201	10450
7812	10451
10382	10452
1156	10453
10104	10454
10324	10455
4614	10456
10433	10456
5596	10457
1473	10458
1768	10458
2597	10458
3991	10458
4854	10458
4947	10458
6242	10458
1686	10459
10460	10461
1094	10462
3560	10462
1138	10463
10021	10464
6560	10465
5119	10467
2621	10468
2698	10468
1692	10469
6812	10470
7096	10471
6093	10472
7794	10472
9541	10472
1966	10473
10089	10474
9185	10475
6172	10476
4299	10477
6578	10477
1106	10478
5582	10479
7028	10479
173	10480
3524	10481
4642	10482
5577	10483
7141	10483
2354	10484
9112	10486
6423	10487
10068	10488
551	10489
6571	10490
3482	10491
3701	10491
6781	10492
6238	10494
10493	10494
5816	10495
4953	10496
6238	10496
10493	10496
2030	10497
5073	10497
5298	10497
10228	10498
3795	10499
560	10500
1182	10501
1811	10502
1184	10503
7294	10504
2363	10505
8619	10505
8613	10506
5491	10507
7732	10507
7737	10507
523	10508
1461	10508
4200	10508
6948	10508
7807	10508
4626	10509
1696	10510
2456	10510
8036	10511
8241	10512
7370	10513
6714	10514
1923	10515
1918	10516
4011	10517
1361	10518
2176	10518
3986	10519
7417	10520
7996	10521
3691	10522
5192	10523
9701	10524
1918	10525
10516	10525
8029	10526
497	10527
8195	10527
7459	10528
2110	10529
3517	10529
9557	10530
7389	10531
4655	10532
10066	10532
1306	10533
6775	10533
7587	10533
7634	10533
8871	10533
668	10534
7709	10534
463	10536
6983	10536
1496	10537
4969	10537
6639	10537
3283	10538
10535	10540
5109	10541
1178	10542
2504	10543
5325	10543
5579	10543
797	10544
6220	10544
3209	10545
6387	10545
9160	10546
420	10547
3947	10548
1619	10549
2267	10551
4454	10551
5974	10552
7099	10553
3280	10554
5793	10555
5163	10557
10558	10559
8908	10560
4466	10561
4282	10562
8715	10563
3844	10564
5535	10565
274	10566
8983	10567
4352	10568
5999	10569
2789	10570
427	10571
5785	10572
9382	10573
8920	10574
2396	10575
4341	10575
7289	10575
262	10576
4678	10576
5771	10576
2557	10577
10221	10577
9968	10578
6010	10579
7354	10580
10199	10581
3008	10582
3010	10582
7702	10582
7304	10583
9046	10584
10190	10584
5349	10585
2241	10586
5052	10586
3008	10587
10582	10587
3008	10588
3016	10588
7702	10588
10582	10588
2565	10589
2609	10589
3009	10590
7692	10590
10148	10591
9850	10593
190	10594
8289	10594
2512	10595
10080	10595
9625	10596
4647	10597
9688	10598
1865	10599
9635	10599
2832	10600
5548	10601
8818	10601
821	10603
822	10603
2187	10603
6051	10603
6840	10603
8978	10604
2255	10605
4330	10606
845	10607
4200	10608
1722	10609
6351	10609
4386	10610
1987	10611
3347	10612
9048	10613
2011	10614
3687	10615
4200	10615
4679	10617
6952	10617
6049	10618
6130	10619
3582	10620
992	10621
4045	10622
8137	10623
6782	10624
7961	10626
4102	10627
5797	10627
9914	10627
6536	10628
3263	10629
758	10630
915	10631
6889	10632
317	10633
57	10634
9641	10635
3217	10636
6568	10638
9901	10638
1480	10639
4410	10640
331	10641
9356	10641
10045	10641
9343	10642
7661	10643
1658	10644
2377	10645
5909	10645
89	10646
753	10646
7718	10647
4942	10648
2372	10649
574	10650
4336	10651
6177	10651
3680	10652
5229	10652
1962	10653
7631	10654
9710	10655
10637	10655
580	10656
1317	10657
9707	10657
949	10658
4802	10658
9162	10659
6662	10660
2349	10661
8111	10662
2815	10663
2156	10664
10447	10665
560	10666
9742	10666
3139	10667
3718	10667
7820	10667
8702	10667
10387	10668
761	10669
3341	10669
5571	10669
2381	10670
10307	10670
9705	10671
6646	10672
3084	10673
3602	10674
8612	10675
10312	10675
7552	10676
1460	10677
2465	10677
8189	10677
1463	10678
1885	10679
4827	10679
5916	10679
5921	10679
38	10680
5048	10680
4249	10681
5179	10683
5572	10683
9761	10683
4042	10684
336	10685
345	10685
9591	10687
2639	10688
6686	10689
1714	10690
8491	10691
8533	10693
2186	10694
479	10695
5821	10696
5182	10697
8705	10697
10033	10697
9906	10698
1518	10699
1424	10700
2031	10701
1561	10702
1000	10703
5663	10704
8709	10705
716	10706
657	10707
2720	10708
1910	10710
3887	10711
696	10712
2627	10712
8934	10712
2053	10713
1305	10714
1403	10714
3327	10714
9479	10715
4632	10716
1496	10717
6639	10717
4499	10718
5521	10719
3360	10720
5694	10721
8296	10722
6322	10723
4116	10724
4142	10724
5696	10724
6951	10725
5341	10726
9288	10726
7625	10727
10057	10728
2082	10729
4974	10729
2515	10730
7429	10730
2170	10731
1861	10732
3595	10733
3336	10734
9674	10735
2883	10737
3055	10737
4667	10737
5708	10738
7629	10738
920	10739
3156	10740
10132	10740
3446	10741
2731	10742
9598	10743
3561	10744
7533	10745
8940	10745
433	10747
9206	10748
1126	10749
4700	10750
8123	10750
444	10751
2003	10752
5779	10753
3770	10754
3151	10755
9563	10755
9934	10755
8144	10756
7228	10757
886	10758
9247	10759
8098	10760
4610	10761
6915	10761
10742	10762
10143	10763
2828	10764
1522	10765
1000	10766
1838	10767
2283	10768
3726	10768
1194	10769
5057	10769
2938	10770
7277	10771
3464	10772
2263	10773
2094	10774
9044	10774
3727	10775
5575	10775
6990	10775
7434	10775
1708	10776
6112	10777
9255	10778
3107	10780
153	10781
6458	10782
5253	10783
7243	10783
6061	10784
1699	10785
4948	10785
7197	10786
9678	10786
6618	10787
9953	10788
7553	10789
9895	10790
9467	10791
10792	10793
8454	10794
2305	10795
4344	10795
1677	10796
7300	10797
7624	10797
9863	10798
8565	10799
7220	10800
9386	10801
8332	10802
8920	10802
9915	10802
4856	10803
8564	10803
7924	10804
9318	10805
10112	10806
8617	10807
7581	10809
6531	10810
995	10811
1107	10812
10811	10812
3131	10813
5993	10813
3941	10814
3943	10814
3944	10814
8676	10814
720	10815
3605	10815
4289	10815
5955	10816
9672	10816
2566	10817
10692	10818
691	10819
2330	10820
2330	10821
6985	10822
2664	10824
6137	10824
6615	10824
9862	10824
10686	10824
5957	10825
3846	10826
3058	10827
7619	10827
4875	10828
6261	10828
10067	10828
1529	10829
596	10830
2931	10830
6683	10831
6206	10832
6876	10832
7455	10833
4003	10834
3924	10835
4082	10835
5139	10836
4400	10837
1101	10838
1668	10839
8612	10841
8643	10842
8773	10843
2051	10844
7183	10844
8870	10845
3368	10846
4224	10847
1688	10848
195	10849
4893	10849
5538	10851
134	10852
6362	10852
8297	10853
5257	10854
4280	10855
7590	10856
5981	10857
4027	10858
8902	10859
6376	10861
1178	10862
10542	10862
546	10863
1706	10863
2135	10863
5606	10864
9714	10864
2804	10865
7336	10866
8441	10866
1727	10867
6991	10867
3268	10868
8971	10869
4137	10870
8913	10871
798	10872
941	10872
7517	10872
10244	10873
2198	10874
6859	10875
8437	10876
2700	10877
553	10878
554	10879
2766	10880
347	10881
4287	10881
8230	10882
4045	10883
2600	10884
4749	10885
5917	10886
8413	10887
3222	10888
3633	10889
3372	10890
4426	10891
1693	10892
1872	10892
588	10893
4969	10894
8847	10895
1732	10896
562	10897
2063	10898
7990	10898
2839	10899
8082	10900
4051	10902
571	10903
8411	10904
4351	10905
5665	10905
8419	10905
9228	10906
9462	10906
5757	10907
9929	10908
10199	10909
5511	10910
8660	10912
10911	10913
1516	10914
3796	10915
1048	10916
9952	10917
3334	10918
9184	10919
5327	10920
4549	10921
7467	10921
171	10922
3386	10923
8625	10924
5318	10925
10926	10927
1208	10928
2002	10929
6939	10930
7368	10930
601	10931
387	10932
430	10933
1662	10933
5196	10934
3161	10935
6932	10935
7849	10935
8006	10935
6668	10936
5288	10937
5740	10937
9873	10937
498	10938
593	10939
612	10940
963	10941
2411	10941
4950	10941
4526	10942
9693	10942
10047	10943
2455	10944
4900	10945
10109	10945
5026	10946
2584	10947
5513	10947
8397	10948
9347	10948
3067	10949
985	10950
9527	10950
4798	10951
7078	10951
10441	10952
79	10953
2920	10954
1143	10955
559	10956
4469	10957
8979	10958
355	10959
4403	10960
6189	10960
5199	10961
7614	10961
5013	10962
3	10963
6863	10963
1738	10964
6044	10965
1957	10966
8146	10967
2266	10968
2624	10969
3518	10970
4680	10970
1944	10971
4428	10972
8727	10973
10779	10973
8959	10974
4874	10976
1511	10977
2939	10978
779	10979
7253	10980
1371	10981
10746	10982
10983	10984
6579	10985
4635	10986
9931	10986
10984	10986
10983	10987
1857	10988
662	10989
1946	10990
1238	10991
5367	10991
5315	10992
2720	10993
7030	10993
5555	10994
9592	10994
5375	10995
490	10996
1375	10997
4042	10997
9834	10997
2194	10998
9415	10999
5121	11000
9478	11001
6246	11002
1176	11003
2016	11003
9987	11004
742	11005
745	11005
9406	11005
2574	11006
6483	11007
1077	11008
9299	11009
10444	11010
2209	11011
5486	11012
8711	11013
9062	11013
5668	11014
5604	11015
10575	11016
312	11017
10449	11017
10466	11017
1232	11018
5969	11018
1313	11019
2423	11020
1452	11021
10850	11021
6232	11022
2969	11023
7312	11024
10602	11024
10341	11025
684	11026
6082	11027
10603	11027
4930	11028
5200	11029
7425	11030
2027	11031
5796	11031
888	11032
5369	11033
3728	11034
8196	11034
8954	11035
7907	11036
3293	11037
5077	11038
8828	11038
737	11039
9861	11040
3534	11041
6075	11042
9238	11042
3679	11043
5366	11044
6718	11045
3841	11046
1002	11047
3021	11048
3338	11048
790	11049
3397	11050
6235	11050
9716	11050
9617	11051
7428	11052
1742	11053
1969	11054
2729	11055
7741	11056
10176	11057
3583	11058
3785	11059
4594	11060
9503	11061
140	11062
7401	11062
5803	11063
4227	11064
6660	11065
7111	11065
4474	11066
4297	11067
4486	11067
769	11068
10543	11069
6702	11070
5295	11071
9263	11072
8571	11073
5089	11074
6792	11075
6277	11076
8726	11077
6023	11078
6762	11079
7015	11080
1880	11081
3771	11081
3950	11081
4799	11081
4264	11082
2191	11083
2699	11083
3138	11084
1023	11085
1841	11086
2563	11087
371	11088
450	11088
1360	11088
4793	11088
6383	11088
7409	11088
10625	11089
2914	11090
9385	11091
10860	11092
4235	11093
7246	11094
10901	11094
7713	11095
6767	11096
6115	11097
799	11098
802	11098
5711	11098
801	11099
8477	11100
1285	11101
5576	11102
9205	11103
3227	11104
4745	11105
7625	11106
4951	11107
1026	11108
1640	11108
9146	11109
9265	11110
9684	11111
10944	11112
380	11113
1900	11113
10539	11114
632	11115
9971	11115
674	11116
4438	11116
10349	11117
9861	11118
8735	11119
9677	11119
9805	11120
2052	11121
5945	11122
4903	11123
7996	11124
2021	11125
3386	11125
7753	11125
10923	11125
1770	11126
116	11127
2728	11128
7082	11128
9712	11128
340	11130
7399	11131
1697	11132
5394	11133
7525	11134
1108	11135
10485	11136
9255	11137
7000	11138
229	11139
7480	11139
10031	11140
3350	11141
9726	11141
2162	11142
4571	11142
2505	11143
5498	11144
9935	11145
10696	11145
7751	11146
609	11147
836	11148
7817	11148
1635	11149
4048	11150
5104	11151
5046	11152
2705	11153
855	11154
157	11155
5683	11155
9496	11156
2561	11157
5839	11158
10840	11159
2161	11160
8938	11161
1531	11162
9703	11163
1815	11164
9543	11165
8327	11166
8923	11167
9498	11168
6633	11169
10135	11169
11170	11171
7347	11172
3712	11173
9674	11174
829	11175
9869	11176
5292	11177
10803	11178
2091	11179
7542	11180
2421	11181
7155	11181
91	11182
7761	11183
5857	11184
6351	11185
6915	11186
6208	11187
4581	11188
5343	11189
1030	11190
1559	11190
1170	11191
5873	11192
8932	11193
1012	11194
6227	11195
4292	11196
6622	11197
1085	11198
582	11199
10029	11200
6033	11201
5932	11202
5562	11203
5350	11204
11129	11204
3205	11205
907	11206
7062	11207
1072	11208
7255	11209
4092	11210
592	11211
2545	11211
5483	11211
6644	11211
1092	11212
8644	11212
5862	11213
6778	11214
1019	11215
1196	11216
3030	11217
6511	11217
1899	11219
1154	11220
3702	11220
3862	11220
9663	11220
6719	11221
8721	11222
495	11223
1882	11223
5869	11223
8563	11223
9266	11223
4353	11224
8282	11225
10316	11226
447	11227
4200	11227
5570	11227
5861	11227
6423	11227
10608	11227
4350	11228
5894	11229
5896	11229
7941	11230
7942	11230
5003	11231
1012	11232
3686	11233
6902	11233
5805	11234
1900	11235
7178	11236
4715	11237
8112	11237
5278	11238
3909	11239
942	11240
4523	11241
4350	11242
11228	11242
7717	11243
8018	11244
9	11245
4747	11246
2411	11247
597	11248
3962	11249
761	11250
5151	11250
6400	11250
6864	11250
9860	11250
8472	11251
10709	11252
556	11253
5870	11254
10072	11254
520	11255
3314	11256
5023	11257
1377	11258
307	11259
309	11259
10117	11260
6492	11261
6238	11262
7997	11263
8596	11264
7097	11265
422	11266
5661	11267
6453	11268
10736	11268
5009	11269
6166	11270
9147	11270
7016	11271
5925	11272
7730	11272
6978	11273
4418	11274
1180	11275
10324	11276
127	11277
5381	11278
3774	11279
4815	11279
8143	11280
5929	11281
5846	11282
9539	11282
5805	11283
9956	11284
4215	11285
2269	11286
10029	11287
8086	11288
7798	11289
595	11290
4270	11291
1510	11292
1651	11293
2718	11294
10729	11295
51	11296
3041	11297
1161	11298
6626	11298
10823	11299
2861	11300
6419	11300
7694	11300
9564	11300
587	11301
1031	11301
5948	11301
5906	11303
1037	11304
5961	11304
11302	11305
6138	11306
9031	11307
2675	11308
2002	11309
5590	11310
3585	11311
4431	11312
10220	11313
8549	11314
424	11315
1056	11315
8109	11315
803	11316
9281	11317
2656	11318
3989	11319
8726	11319
8083	11320
424	11321
11315	11321
1544	11322
1403	11323
9925	11324
1125	11325
3127	11325
7447	11325
9767	11325
1058	11326
4840	11326
6758	11327
5729	11328
6066	11329
8479	11330
4436	11331
6065	11332
6671	11333
8937	11333
8488	11334
9885	11334
1700	11335
3607	11335
5198	11335
7966	11335
5520	11336
1913	11337
9603	11338
10682	11339
2695	11340
10556	11340
1641	11341
6876	11342
9423	11343
10592	11344
3646	11345
811	11346
8625	11347
3459	11348
8731	11348
9338	11349
10250	11349
9223	11350
5136	11351
9423	11352
3281	11353
8733	11354
9449	11355
6880	11356
6239	11357
3690	11358
2329	11359
5999	11360
6856	11361
9373	11361
11218	11362
454	11363
4313	11363
8801	11363
9018	11363
9367	11363
5520	11365
11364	11366
2683	11367
6008	11367
3612	11368
3613	11369
4129	11369
7554	11369
1072	11370
8832	11371
4144	11372
11364	11372
5915	11373
8860	11373
11364	11374
11366	11374
11372	11374
6017	11375
922	11376
2451	11376
6080	11377
81	11378
4364	11378
4592	11379
4719	11379
10616	11380
739	11381
3579	11382
10242	11383
6733	11384
6735	11385
3741	11386
5934	11387
6030	11387
2796	11388
4387	11388
5473	11388
10947	11389
11390	11391
3719	11392
10945	11393
2704	11394
8726	11395
1186	11397
3619	11397
5328	11397
6820	11397
10212	11397
577	11398
3938	11398
7881	11399
11102	11400
5268	11401
3228	11402
11396	11403
6972	11404
7662	11406
184	11407
4663	11408
10420	11408
9352	11409
11407	11410
1125	11411
7747	11412
3577	11413
8520	11414
5879	11416
510	11417
9283	11417
6067	11418
2184	11420
2185	11420
6194	11420
6858	11420
11419	11421
9243	11422
1137	11423
6070	11423
11405	11424
6845	11425
7018	11426
7048	11427
2397	11428
11405	11429
11424	11429
131	11430
4537	11431
6662	11431
10660	11431
8635	11432
5281	11433
6744	11434
1147	11435
6684	11436
7005	11436
6489	11437
7101	11438
6445	11439
8576	11439
1152	11440
1717	11440
6915	11441
10975	11441
1127	11442
1917	11442
2104	11442
2105	11442
2106	11442
2107	11442
2108	11442
2109	11442
2118	11442
2119	11442
2120	11442
2322	11442
2323	11442
8961	11442
8962	11442
8963	11442
8964	11442
8966	11442
8967	11442
7149	11443
1142	11444
9211	11445
9891	11445
1991	11446
7608	11447
4254	11448
10551	11448
502	11449
2848	11449
1675	11450
2806	11450
6739	11450
5647	11451
5452	11453
11452	11454
672	11455
10127	11455
10245	11455
6691	11456
10578	11457
668	11458
7972	11458
1412	11459
10808	11460
1710	11461
9421	11461
6276	11462
6583	11462
10011	11463
4313	11464
11465	11466
8286	11467
4328	11468
1643	11469
3175	11469
5907	11470
9478	11470
4830	11471
6010	11472
3000	11473
3630	11474
7745	11475
1482	11476
1070	11477
2852	11478
11415	11478
10786	11479
4775	11480
10550	11481
6877	11482
383	11483
9042	11484
74	11485
4192	11486
1221	11487
10016	11487
8033	11488
9865	11488
5102	11489
2228	11490
2231	11491
10140	11492
1192	11493
6131	11493
1931	11494
6132	11494
5371	11495
6320	11496
9946	11497
10360	11498
3334	11499
9133	11500
6143	11501
512	11502
