1	1	2
5	1	1
59	1	1
74	1	1
108	1	1
110	1	1
121	1	1
127	1	1
156	1	1
189	1	1
217	1	1
224	1	1
242	1	1
249	1	1
276	1	1
295	1	1
299	1	1
309	1	2
325	1	1
334	1	1
348	1	1
381	1	2
418	1	3
439	1	1
446	1	1
447	1	1
503	1	1
523	1	1
543	1	1
584	1	2
601	1	1
605	1	2
662	1	1
665	1	1
666	1	1
682	1	1
685	1	1
721	1	1
733	1	1
753	1	1
762	1	1
775	1	1
808	1	1
812	1	1
855	1	1
871	1	1
887	1	1
907	1	1
920	1	1
943	1	1
944	1	1
959	1	1
158	2	1
159	2	1
219	2	1
286	2	1
510	2	1
575	2	1
826	2	2
184	3	1
294	3	1
416	3	1
577	3	1
639	3	1
117	5	1
136	5	1
249	5	1
250	5	1
387	5	1
418	5	1
439	5	1
443	5	1
447	5	1
481	5	1
523	5	1
645	5	1
708	5	1
771	5	1
871	5	1
943	5	1
986	5	1
78	6	1
119	6	2
299	6	1
348	6	1
403	6	1
418	6	1
481	6	1
523	6	1
666	6	1
775	6	1
920	6	1
986	6	1
849	7	1
2	10	1
10	10	1
39	10	1
57	10	1
66	10	1
74	10	1
76	10	1
132	10	1
191	10	1
260	10	1
274	10	1
277	10	2
294	10	2
299	10	1
427	10	1
431	10	3
446	10	1
447	10	1
567	10	1
645	10	1
647	10	1
716	10	1
753	10	1
755	10	1
756	10	1
762	10	1
775	10	3
789	10	2
844	10	2
886	10	1
898	10	1
947	10	1
979	10	1
989	10	1
1000	10	1
57	11	1
132	11	1
197	11	1
318	11	1
380	11	1
387	11	1
436	11	1
465	11	1
523	11	2
606	11	1
612	11	1
720	11	1
727	11	1
755	11	1
756	11	1
804	11	1
831	11	2
851	11	1
878	11	1
989	11	1
274	12	1
440	12	1
822	12	1
832	12	1
909	12	1
159	13	1
189	13	1
282	13	1
305	13	1
364	13	1
510	13	1
511	13	2
641	13	1
653	13	1
969	13	1
34	14	1
57	14	1
316	14	1
378	14	2
419	14	1
431	14	1
755	14	1
762	14	1
789	14	1
854	14	1
18	16	1
39	16	1
57	16	1
66	16	1
74	16	1
131	16	1
210	16	1
277	16	1
293	16	1
318	16	1
356	16	1
357	16	1
412	16	1
419	16	1
425	16	1
431	16	2
463	16	1
465	16	1
487	16	1
542	16	1
645	16	1
661	16	1
722	16	1
728	16	1
808	16	3
852	16	1
854	16	3
898	16	1
701	17	1
132	18	1
513	18	1
74	20	1
138	20	1
306	20	1
360	20	1
555	20	1
682	20	1
722	20	1
755	20	1
826	20	1
976	20	1
10	22	1
62	22	1
609	22	1
614	22	1
736	22	1
747	22	1
876	22	1
987	22	1
158	24	1
329	24	1
944	24	1
237	25	1
8	26	1
74	26	1
210	26	1
277	26	1
302	26	1
755	26	1
300	27	1
924	27	1
299	28	1
654	28	1
919	28	1
871	30	1
988	30	1
1	31	1
5	31	1
10	31	1
28	31	1
62	31	1
79	31	1
139	31	1
158	31	3
200	31	1
214	31	1
237	31	1
249	31	1
335	31	2
346	31	1
348	31	1
364	31	1
377	31	1
418	31	2
439	31	1
506	31	1
523	31	3
645	31	1
666	31	1
704	31	1
731	31	2
732	31	1
745	31	1
839	31	1
841	31	1
871	31	3
886	31	1
939	31	1
986	31	1
621	32	1
69	33	1
148	33	2
189	33	1
201	33	1
244	33	1
284	33	1
286	33	1
306	33	1
412	33	1
419	33	1
427	33	1
563	33	1
582	33	1
653	33	1
722	33	1
753	33	1
826	33	2
74	34	1
132	34	2
248	34	1
277	34	1
490	34	1
573	34	1
588	34	1
863	34	1
902	34	1
74	35	1
606	35	1
249	36	1
645	36	1
364	37	1
440	37	1
575	37	1
891	38	1
975	38	1
14	39	1
57	39	1
74	39	1
164	39	1
191	39	1
277	39	1
300	39	1
318	39	1
378	39	1
427	39	1
542	39	1
588	39	1
644	39	1
781	39	1
987	39	2
775	40	1
405	41	1
944	41	1
722	42	1
2	44	1
189	48	1
228	48	1
286	48	2
305	48	1
355	48	1
473	48	1
477	48	1
492	48	1
511	48	1
671	48	1
771	48	1
790	48	1
823	48	1
876	48	1
907	48	1
956	48	1
987	48	1
653	49	1
669	50	1
715	50	1
990	50	1
74	51	1
297	51	1
318	51	1
459	51	1
854	51	1
965	51	1
396	52	1
453	52	1
819	52	1
17	53	1
65	53	1
138	53	1
159	53	1
189	53	1
230	53	1
244	53	1
297	53	1
305	53	1
341	53	1
377	53	1
400	53	1
408	53	1
411	53	1
555	53	1
567	53	2
578	53	1
641	53	1
701	53	1
741	53	1
808	53	1
826	53	1
876	53	1
920	53	1
955	53	1
969	53	1
106	55	1
171	55	1
298	55	1
426	55	1
614	55	1
690	55	1
873	55	1
940	55	1
990	55	1
995	55	1
1000	55	1
10	57	1
11	57	1
14	57	1
16	57	1
74	57	2
76	57	1
78	57	1
132	57	1
154	57	1
189	57	1
247	57	1
274	57	1
277	57	1
297	57	1
318	57	2
419	57	4
427	57	1
431	57	2
459	57	1
492	57	1
507	57	1
526	57	1
612	57	1
637	57	1
697	57	1
743	57	1
756	57	1
762	57	1
821	57	1
831	57	1
854	57	3
974	57	1
5	58	1
110	58	1
119	58	1
156	58	1
348	58	1
349	58	1
523	58	1
558	58	1
760	58	1
808	58	1
871	58	1
923	58	1
1	59	1
277	59	1
296	59	1
431	59	1
446	59	1
447	59	1
745	59	1
845	59	1
400	60	1
555	60	1
635	60	1
790	60	1
878	60	1
944	60	1
115	61	1
1	62	1
162	62	1
276	62	1
296	62	1
601	62	1
612	62	1
704	62	1
898	62	2
906	62	1
148	65	1
125	66	1
129	66	1
178	66	1
191	66	1
277	66	2
357	66	1
419	66	2
526	66	1
590	66	1
665	66	3
680	66	2
734	66	1
750	66	1
755	66	1
799	66	1
844	66	2
884	66	3
854	67	1
446	68	1
487	68	1
58	69	1
83	69	1
117	69	1
144	69	1
189	69	1
299	69	2
305	69	1
339	69	1
418	69	1
462	69	1
708	69	1
832	69	1
886	69	1
969	69	1
16	70	1
91	70	1
132	70	2
277	70	1
309	70	1
357	70	1
722	70	1
763	70	1
866	70	1
55	71	1
88	71	1
112	71	2
164	71	1
298	71	1
309	71	1
531	71	1
577	71	1
601	71	1
669	71	1
828	71	1
10	74	2
11	74	1
14	74	1
16	74	2
20	74	2
26	74	1
32	74	1
51	74	1
66	74	1
76	74	1
77	74	1
113	74	2
125	74	1
131	74	1
132	74	3
154	74	3
164	74	1
181	74	1
185	74	2
189	74	1
199	74	1
217	74	1
233	74	1
251	74	1
260	74	2
261	74	1
274	74	2
277	74	4
294	74	1
297	74	1
300	74	1
303	74	1
309	74	1
317	74	1
318	74	4
325	74	1
387	74	1
391	74	1
417	74	2
419	74	4
427	74	1
431	74	2
446	74	3
447	74	1
463	74	2
465	74	1
487	74	2
506	74	1
507	74	1
542	74	2
547	74	1
552	74	1
554	74	1
590	74	1
613	74	2
632	74	1
637	74	1
645	74	1
661	74	2
670	74	1
671	74	2
680	74	3
702	74	1
728	74	1
734	74	1
735	74	1
743	74	2
773	74	1
774	74	1
803	74	1
805	74	1
808	74	1
844	74	1
854	74	5
876	74	1
878	74	3
884	74	2
892	74	1
898	74	2
902	74	1
906	74	1
942	74	1
944	74	1
960	74	1
965	74	1
974	74	1
975	74	1
979	74	1
989	74	1
1000	74	1
127	75	1
145	75	1
79	76	1
84	76	1
113	76	1
154	76	2
164	76	1
189	76	1
191	76	1
210	76	1
277	76	1
312	76	1
325	76	1
403	76	1
419	76	2
431	76	1
441	76	1
446	76	1
447	76	1
465	76	1
471	76	1
577	76	1
590	76	1
601	76	1
609	76	1
612	76	1
613	76	1
614	76	1
734	76	1
759	76	1
821	76	1
849	76	1
884	76	1
932	76	1
940	76	1
969	76	1
992	76	1
74	77	1
76	77	1
431	77	1
447	77	1
880	77	1
979	77	1
113	78	1
133	78	1
189	78	1
276	78	1
439	78	1
479	78	1
539	78	1
568	78	1
601	78	1
654	78	1
773	78	1
814	78	1
927	78	1
972	78	1
31	79	1
91	79	1
119	79	1
132	79	2
144	79	1
158	79	2
207	79	1
214	79	1
217	79	1
235	79	1
274	79	1
299	79	1
348	79	2
403	79	1
418	79	1
523	79	2
561	79	1
590	79	1
612	79	1
614	79	1
644	79	1
654	79	2
668	79	1
708	79	1
716	79	1
785	79	1
822	79	1
832	79	1
871	79	1
887	79	1
889	79	1
907	79	1
920	79	1
91	80	1
325	80	1
335	80	1
349	80	1
830	80	1
117	81	1
160	81	1
310	81	1
348	81	1
440	81	2
863	81	1
955	81	1
974	81	1
116	82	1
189	82	1
580	82	1
132	83	1
139	83	1
886	83	1
939	83	1
277	84	1
724	84	1
39	85	1
211	85	1
298	85	1
357	85	1
386	85	1
119	87	1
300	87	1
614	87	1
666	87	1
728	87	1
778	87	1
808	87	1
55	88	1
88	88	1
110	88	1
127	88	1
161	88	1
177	88	1
318	88	1
349	88	1
518	88	1
609	88	1
621	88	1
623	88	1
685	88	1
778	88	1
841	88	1
992	88	1
995	88	1
322	89	1
425	89	1
614	89	1
708	89	1
830	89	1
886	89	1
999	89	1
1	91	1
89	91	1
110	91	1
132	91	1
217	91	1
221	91	1
249	91	1
328	91	1
418	91	1
523	91	3
570	91	1
614	91	1
868	91	1
944	91	1
986	91	1
207	92	1
332	92	1
575	92	2
771	92	1
969	92	1
25	93	1
315	94	1
1	96	1
10	96	1
39	96	1
70	96	1
96	96	1
171	96	1
177	96	2
181	96	1
187	96	1
240	96	1
298	96	2
354	96	1
357	96	1
412	96	1
440	96	1
478	96	1
606	96	1
609	96	2
620	96	1
666	96	1
669	96	2
722	96	1
736	96	2
807	96	1
828	96	1
898	96	1
971	96	1
775	97	1
909	97	1
577	98	1
272	101	1
472	101	1
549	101	1
601	101	1
609	101	1
669	101	1
815	101	1
837	101	1
387	102	1
590	102	1
227	103	1
725	103	1
884	103	1
10	104	1
74	104	1
113	104	1
131	104	1
214	104	1
277	104	1
465	104	1
484	104	1
605	104	1
728	104	1
755	104	1
756	104	1
805	104	1
898	104	1
55	106	1
291	106	1
298	106	1
308	106	1
309	106	1
496	106	1
531	106	1
577	106	1
601	106	1
669	106	1
717	106	1
842	106	1
874	106	1
5	108	1
79	108	1
119	108	1
237	108	1
268	108	1
299	108	1
440	108	1
540	108	1
542	108	1
708	108	1
726	108	1
779	108	1
920	108	1
89	110	1
110	110	1
119	110	1
132	110	1
199	110	1
237	110	1
255	110	1
335	110	1
339	110	1
396	110	1
496	110	1
561	110	1
583	110	1
645	110	1
647	110	1
666	110	1
732	110	1
763	110	1
101	112	1
187	112	1
325	112	1
408	112	1
669	112	1
690	112	1
808	112	1
16	113	1
39	113	1
125	113	1
131	113	1
132	113	1
154	113	1
260	113	1
277	113	1
419	113	2
552	113	1
613	113	1
670	113	1
735	113	1
789	113	1
854	113	1
878	113	2
898	113	1
975	113	1
1000	113	1
53	115	1
129	115	1
152	115	1
282	115	1
286	115	1
293	115	1
408	115	1
422	115	1
427	115	2
433	115	1
449	115	1
452	115	1
475	115	1
511	115	1
524	115	1
614	115	1
808	115	1
826	115	1
916	115	1
969	115	1
978	115	1
987	115	1
50	116	1
115	116	2
118	116	1
127	116	1
148	116	1
284	116	1
305	116	1
356	116	1
408	116	1
477	116	1
645	116	1
771	116	1
808	116	1
855	116	1
944	116	1
31	117	1
83	117	1
156	117	1
159	117	1
249	117	1
274	117	1
412	117	1
581	117	1
701	117	1
731	117	1
753	117	1
986	117	1
53	118	1
92	118	1
98	118	1
118	118	1
148	118	1
159	118	2
207	118	1
226	118	1
286	118	1
404	118	1
405	118	1
408	118	1
423	118	1
477	118	2
518	118	2
555	118	1
595	118	1
641	118	1
709	118	1
771	118	1
788	118	1
819	118	2
826	118	2
868	118	1
943	118	1
944	118	1
968	118	1
5	119	1
6	119	1
25	119	1
108	119	1
148	119	1
182	119	1
214	119	1
219	119	2
257	119	1
258	119	1
269	119	1
274	119	2
276	119	1
284	119	1
299	119	1
328	119	2
332	119	1
339	119	1
408	119	1
412	119	2
423	119	1
447	119	1
481	119	1
523	119	1
547	119	1
581	119	1
587	119	1
601	119	2
645	119	3
653	119	1
676	119	1
685	119	1
726	119	1
731	119	1
753	119	1
760	119	1
775	119	1
785	119	1
808	119	1
826	119	1
871	119	1
873	119	1
878	119	1
920	119	1
923	119	1
966	119	1
119	120	1
276	120	1
339	120	1
616	120	1
666	120	1
685	120	1
16	121	1
31	121	1
74	121	1
121	121	1
191	121	1
219	121	1
221	121	1
234	121	1
242	121	1
260	121	1
274	121	2
396	121	1
427	121	1
431	121	1
487	121	1
542	121	2
554	121	1
578	121	1
596	121	1
613	121	1
645	121	1
653	121	1
731	121	2
779	121	1
830	121	1
876	121	1
886	121	1
898	121	1
939	121	1
944	121	1
989	121	1
1000	121	1
96	123	1
116	123	1
162	123	1
167	123	1
270	123	1
271	123	1
305	123	1
312	123	1
405	123	1
418	123	1
450	123	1
601	123	1
669	123	1
760	123	1
808	123	2
831	123	1
992	123	1
31	124	1
404	124	1
419	124	1
427	124	1
465	124	1
575	124	1
722	124	1
753	124	1
775	124	1
10	125	1
113	125	1
124	125	1
148	125	1
274	125	1
282	125	1
286	125	1
357	125	1
360	125	1
366	125	1
423	125	1
447	125	1
480	125	1
560	125	1
595	125	1
650	125	1
728	125	1
753	125	1
762	125	2
775	125	1
817	125	1
842	125	1
876	125	1
884	125	1
898	125	1
928	125	1
935	125	1
286	126	1
11	127	1
162	127	1
171	127	1
207	127	1
235	127	1
305	127	1
420	127	1
446	127	2
508	127	1
575	127	1
601	127	1
621	127	1
798	127	1
821	127	2
837	127	1
927	127	1
972	127	2
999	127	1
33	128	1
81	128	1
160	128	1
364	128	1
387	128	1
411	128	1
427	128	1
510	128	1
555	128	1
589	128	1
614	128	1
759	128	1
771	128	1
823	128	1
141	129	1
189	129	1
277	129	1
473	129	1
510	129	1
580	129	1
620	129	1
670	129	1
740	129	1
842	129	1
106	130	1
641	130	1
14	131	1
74	131	2
82	131	1
141	131	1
154	131	1
178	131	1
210	131	1
248	131	1
277	131	2
294	131	1
297	131	1
419	131	1
424	131	1
438	131	1
442	131	1
465	131	1
554	131	1
632	131	1
637	131	1
650	131	1
805	131	1
808	131	1
844	131	1
909	131	1
987	131	1
1000	131	2
1	132	1
10	132	1
14	132	2
16	132	1
24	132	1
26	132	1
33	132	2
53	132	1
62	132	1
69	132	1
74	132	2
79	132	1
104	132	2
110	132	1
119	132	1
121	132	2
125	132	1
132	132	3
139	132	2
144	132	1
159	132	2
181	132	1
219	132	1
242	132	2
247	132	1
248	132	1
255	132	2
260	132	3
261	132	1
270	132	1
274	132	2
277	132	1
282	132	1
286	132	1
294	132	3
297	132	1
305	132	1
318	132	2
335	132	1
348	132	1
360	132	1
378	132	1
418	132	2
419	132	3
422	132	1
427	132	1
431	132	2
440	132	1
447	132	3
467	132	1
484	132	1
490	132	1
496	132	1
503	132	1
506	132	2
513	132	2
526	132	1
539	132	1
540	132	1
578	132	1
588	132	1
590	132	2
620	132	1
637	132	1
645	132	1
653	132	1
665	132	1
671	132	2
676	132	1
685	132	1
687	132	1
700	132	1
708	132	2
728	132	1
731	132	3
755	132	5
756	132	1
773	132	1
774	132	2
789	132	1
799	132	1
800	132	1
805	132	1
808	132	3
824	132	1
826	132	1
830	132	1
834	132	1
840	132	1
841	132	2
844	132	1
854	132	2
878	132	2
880	132	1
884	132	1
895	132	1
898	132	1
907	132	1
956	132	1
974	132	2
979	132	1
982	132	1
989	132	1
1000	132	1
171	133	1
74	134	1
693	135	1
144	136	1
558	136	1
685	136	1
835	136	1
840	136	1
138	138	1
305	138	1
431	138	1
510	138	1
635	138	1
819	138	1
867	138	1
1	139	1
11	139	1
31	139	1
80	139	1
119	139	1
136	139	1
139	139	1
148	139	1
214	139	1
242	139	1
269	139	1
299	139	1
301	139	1
348	139	1
387	139	1
418	139	1
440	139	1
477	139	1
543	139	1
577	139	1
578	139	1
645	139	1
648	139	1
746	139	1
823	139	1
871	139	1
889	139	1
909	139	1
939	139	1
956	139	1
617	140	1
898	140	1
74	141	1
76	141	1
224	141	1
260	141	1
294	141	1
297	141	1
419	141	1
431	141	1
588	141	1
613	141	1
661	141	1
789	141	1
878	141	1
96	142	1
277	142	1
309	142	1
357	142	1
412	142	1
577	142	1
74	144	1
132	144	1
138	144	1
139	144	1
199	144	1
299	144	1
329	144	1
446	144	1
452	144	1
523	144	1
605	144	1
685	144	1
704	144	1
709	144	1
711	144	1
774	144	1
779	144	1
780	144	1
886	144	1
987	144	1
477	147	1
731	147	1
53	148	1
118	148	1
119	148	1
129	148	1
190	148	1
219	148	1
228	148	1
282	148	1
283	148	1
332	148	1
354	148	1
408	148	1
412	148	1
461	148	1
477	148	1
492	148	1
500	148	1
567	148	1
609	148	1
635	148	1
641	148	1
692	148	1
722	148	1
731	148	1
737	148	1
768	148	1
771	148	1
817	148	1
826	148	1
944	148	1
132	149	1
221	149	1
274	149	1
332	152	1
452	152	1
34	154	1
57	154	2
74	154	1
84	154	1
113	154	1
132	154	1
141	154	1
274	154	1
297	154	1
357	154	1
378	154	1
409	154	1
431	154	1
438	154	1
446	154	1
463	154	1
470	154	1
504	154	1
555	154	1
661	154	1
725	154	1
755	154	2
805	154	2
808	154	3
846	154	1
877	154	1
878	154	1
892	154	1
901	154	1
960	154	1
974	154	1
31	156	1
201	156	1
207	156	1
250	156	1
442	156	1
447	156	1
558	156	1
653	156	2
775	156	1
871	156	2
920	156	1
32	157	1
1	158	1
31	158	2
74	158	1
79	158	1
81	158	1
110	158	1
115	158	1
207	158	2
210	158	1
212	158	1
235	158	1
237	158	1
240	158	1
249	158	1
256	158	2
293	158	1
295	158	1
299	158	5
301	158	1
339	158	2
346	158	1
381	158	1
403	158	1
418	158	2
440	158	1
481	158	2
496	158	2
511	158	1
523	158	1
527	158	1
542	158	1
543	158	2
570	158	1
571	158	1
590	158	1
601	158	1
702	158	1
708	158	1
731	158	2
732	158	1
737	158	1
760	158	1
808	158	1
830	158	1
840	158	1
845	158	1
871	158	3
882	158	1
895	158	1
912	158	1
920	158	1
959	158	1
966	158	1
13	159	1
17	159	1
44	159	1
60	159	1
69	159	1
112	159	2
115	159	2
116	159	1
119	159	2
125	159	1
128	159	1
132	159	1
158	159	1
159	159	1
160	159	1
189	159	3
222	159	1
230	159	1
242	159	1
260	159	1
274	159	1
276	159	1
286	159	3
296	159	1
317	159	1
332	159	1
348	159	1
384	159	1
396	159	1
405	159	1
408	159	3
422	159	2
425	159	1
477	159	1
523	159	1
561	159	1
591	159	1
596	159	1
623	159	1
653	159	1
654	159	1
692	159	1
704	159	1
708	159	1
711	159	1
753	159	1
768	159	1
771	159	1
791	159	1
803	159	1
808	159	1
817	159	2
823	159	1
826	159	1
840	159	1
923	159	1
956	159	1
966	159	1
969	159	1
128	160	1
152	160	1
189	160	1
408	160	1
427	160	1
477	160	1
575	160	1
591	160	1
623	160	1
711	160	1
826	160	1
935	160	1
969	160	1
3	161	1
318	161	1
405	161	1
450	161	1
451	161	1
471	161	1
711	161	1
936	161	1
940	161	1
106	162	1
183	162	1
195	162	1
309	162	1
312	162	1
549	162	1
255	164	1
405	164	1
463	164	1
549	164	1
670	164	1
700	164	1
666	165	1
294	167	1
478	167	1
606	167	1
711	167	1
799	167	1
947	167	1
71	168	1
207	168	1
716	168	1
721	168	1
760	168	1
775	168	1
3	171	1
55	171	1
74	171	1
89	171	1
96	171	1
161	171	1
171	171	3
177	171	1
217	171	1
244	171	1
271	171	1
291	171	1
294	171	1
357	171	2
440	171	1
458	171	1
473	171	1
503	171	1
531	171	1
590	171	1
601	171	3
606	171	1
609	171	3
648	171	1
654	171	1
669	171	2
722	171	1
760	171	1
793	171	1
798	171	1
807	171	1
812	171	1
866	171	1
911	171	1
992	171	1
159	172	1
305	172	1
423	172	1
217	174	1
299	174	1
666	174	1
974	176	1
1	177	1
119	177	1
264	177	1
312	177	1
601	177	1
606	177	1
609	177	1
639	177	2
911	177	1
967	177	1
66	178	1
132	178	1
154	178	1
191	178	1
250	178	1
281	178	1
312	178	1
419	178	1
431	178	2
609	178	1
612	178	1
613	178	1
614	178	1
725	178	1
734	178	1
755	178	1
844	178	1
851	178	1
961	178	1
974	178	1
10	180	1
34	180	1
185	180	1
271	180	1
431	180	1
449	180	1
10	181	1
74	181	2
260	181	1
272	181	1
288	181	1
358	181	1
420	181	1
613	181	1
720	181	1
799	181	1
902	181	1
989	181	1
79	182	1
158	182	1
177	182	1
250	182	1
299	182	1
381	182	1
644	182	1
645	182	1
775	182	1
822	182	1
832	182	1
840	182	1
871	182	1
923	182	1
55	183	1
65	183	1
125	183	1
207	183	1
224	183	1
245	183	1
308	183	1
575	183	1
623	183	1
669	183	1
692	183	1
791	183	1
823	183	1
826	183	1
876	183	1
70	184	1
609	184	1
775	184	1
121	185	1
178	185	2
222	185	1
260	185	1
447	185	1
487	185	1
841	185	1
1000	185	1
22	187	1
154	187	1
271	187	1
471	187	1
614	187	1
639	187	1
816	187	1
221	188	1
309	188	1
11	189	1
13	189	1
57	189	1
69	189	1
74	189	1
118	189	2
119	189	1
125	189	1
152	189	1
158	189	1
159	189	4
164	189	1
189	189	2
190	189	1
201	189	2
213	189	1
224	189	1
245	189	1
282	189	3
286	189	1
298	189	1
305	189	2
322	189	1
329	189	1
362	189	1
382	189	1
396	189	2
411	189	1
423	189	2
427	189	2
440	189	1
442	189	1
465	189	1
477	189	3
478	189	4
484	189	1
498	189	1
502	189	1
511	189	2
527	189	1
539	189	1
543	189	1
556	189	1
580	189	1
609	189	1
659	189	1
669	189	1
671	189	2
685	189	1
693	189	1
711	189	2
722	189	2
749	189	1
756	189	1
766	189	1
775	189	1
791	189	1
813	189	1
823	189	1
826	189	2
842	189	1
851	189	1
853	189	1
868	189	1
891	189	1
907	189	3
916	189	1
920	189	1
928	189	1
935	189	2
956	189	1
974	189	1
975	189	1
115	190	1
152	190	1
364	190	1
462	190	1
524	190	1
639	190	1
790	190	1
210	191	1
378	191	1
590	191	1
612	191	1
644	191	1
728	191	1
756	191	1
799	191	1
808	191	1
854	191	1
989	191	1
282	192	1
127	193	1
281	193	1
911	193	1
39	195	1
378	197	1
419	197	1
590	197	1
670	197	1
755	197	1
10	199	2
74	199	2
132	199	1
141	199	1
158	199	1
199	199	1
200	199	1
227	199	1
230	199	1
249	199	1
257	199	1
294	199	1
328	199	1
412	199	1
431	199	1
511	199	1
555	199	1
601	199	1
645	199	1
662	199	1
714	199	1
728	199	1
734	199	1
755	199	1
815	199	1
854	199	1
906	199	1
974	199	1
986	199	1
989	199	1
5	200	1
79	200	1
159	200	1
387	200	1
426	200	1
580	200	1
645	200	1
822	200	1
823	200	1
839	200	1
183	201	1
213	201	1
242	201	1
249	201	1
255	201	1
360	201	1
418	201	1
447	201	1
477	201	1
535	201	1
561	201	1
645	201	1
732	201	1
733	201	1
781	201	1
127	202	1
108	206	1
274	206	1
523	206	1
832	206	2
919	206	1
31	207	1
74	207	1
79	207	1
91	207	1
160	207	1
189	207	2
293	207	1
299	207	1
310	207	1
382	207	1
418	207	2
440	207	1
446	207	1
453	207	1
503	207	1
523	207	1
524	207	1
542	207	1
605	207	1
651	207	1
659	207	1
770	207	1
822	207	1
855	207	1
858	207	1
871	207	1
878	207	1
909	207	1
916	207	1
956	207	1
977	207	1
74	210	2
96	210	1
127	210	1
132	210	2
154	210	2
178	210	1
241	210	1
248	210	2
274	210	2
277	210	2
294	210	1
318	210	3
329	210	1
341	210	1
370	210	1
378	210	1
409	210	1
419	210	2
431	210	2
447	210	1
463	210	1
542	210	1
587	210	1
612	210	1
627	210	1
630	210	1
644	210	1
668	210	1
670	210	2
680	210	1
695	210	1
728	210	1
734	210	1
743	210	2
756	210	1
762	210	1
799	210	1
816	210	1
854	210	2
878	210	1
884	210	1
902	210	1
932	210	1
987	210	1
669	211	1
34	212	1
242	212	1
311	212	1
343	212	1
424	212	1
779	212	1
913	212	1
79	214	1
119	214	1
132	214	1
158	214	1
182	214	1
214	214	1
221	214	1
242	214	1
249	214	1
296	214	1
439	214	1
447	214	1
523	214	1
647	214	1
675	214	1
676	214	1
680	214	1
728	214	1
773	214	1
947	214	1
30	217	1
31	217	1
74	217	2
79	217	1
91	217	1
142	217	1
272	217	1
277	217	1
299	217	1
359	217	1
427	217	1
496	217	1
522	217	1
543	217	2
679	217	1
718	217	1
737	217	1
832	217	1
840	217	1
841	217	1
1000	217	1
299	218	1
427	218	1
826	218	1
841	218	1
17	219	1
52	219	1
120	219	1
189	219	1
282	219	1
286	219	1
308	219	1
411	219	1
423	219	1
443	219	1
477	219	1
555	219	1
624	219	1
768	219	1
826	219	1
959	219	1
299	220	1
1	221	1
5	221	1
12	221	1
69	221	1
79	221	1
91	221	1
121	221	1
219	221	1
258	221	1
311	221	1
387	221	1
443	221	1
496	221	1
523	221	1
543	221	1
578	221	2
685	221	1
687	221	1
708	221	1
731	221	1
775	221	1
839	221	1
887	221	1
986	221	1
997	221	1
31	222	1
74	222	1
282	222	1
653	222	1
734	222	1
773	222	1
781	222	1
854	222	1
132	223	1
463	223	1
844	223	1
912	223	1
115	224	1
181	224	1
207	224	1
235	224	2
298	224	1
305	224	1
329	224	1
446	224	1
462	224	1
510	224	1
523	224	2
567	224	1
623	224	1
645	224	1
676	224	1
706	224	1
728	224	1
775	224	2
802	224	1
823	224	1
826	224	1
867	224	1
886	224	1
899	224	1
920	224	1
79	225	1
312	225	1
282	226	1
296	226	1
420	226	1
442	226	1
685	226	1
768	226	1
792	226	1
70	227	1
128	227	1
189	227	2
249	227	1
282	227	1
293	227	1
299	227	1
332	227	1
402	227	1
503	227	1
555	227	1
581	227	1
653	227	1
685	227	1
753	227	1
808	227	1
826	227	1
920	227	1
944	227	1
53	228	2
82	228	1
104	228	1
159	228	1
189	228	1
286	228	1
305	228	1
408	228	1
412	228	1
434	228	1
478	228	2
511	228	1
570	228	1
575	228	2
580	228	1
670	228	1
791	228	1
815	228	1
907	228	1
916	228	1
969	228	1
260	229	1
305	229	1
380	229	1
77	230	1
115	230	1
132	230	1
148	230	1
183	230	1
189	230	1
378	230	1
447	230	1
462	230	1
475	230	1
511	230	1
612	230	1
685	230	1
808	230	1
823	230	1
956	230	1
963	230	1
53	233	1
277	233	1
306	233	1
575	233	1
722	233	1
242	234	1
267	234	1
299	234	1
439	234	1
524	234	1
601	234	1
653	234	1
766	234	1
826	234	1
79	235	1
174	235	1
224	235	1
251	235	1
261	235	1
267	235	1
339	235	1
532	235	1
542	235	1
656	235	1
832	235	1
899	235	1
5	237	1
78	237	1
117	237	1
139	237	1
158	237	2
201	237	1
207	237	1
242	237	1
249	237	1
264	237	1
269	237	1
293	237	1
299	237	2
418	237	2
427	237	1
439	237	1
440	237	1
496	237	2
514	237	1
523	237	2
570	237	1
587	237	1
592	237	1
614	237	1
675	237	1
708	237	1
726	237	1
769	237	1
785	237	1
841	237	1
844	237	1
858	237	1
871	237	2
886	237	1
895	237	1
939	237	1
969	237	1
992	237	1
442	238	1
405	239	1
768	239	1
357	240	1
1	241	1
132	241	2
199	241	1
291	241	1
312	241	1
377	241	1
609	241	1
639	241	1
669	241	1
69	242	1
88	242	1
119	242	1
136	242	2
214	242	1
217	242	2
237	242	2
242	242	4
249	242	1
257	242	1
295	242	1
299	242	2
307	242	1
318	242	3
335	242	1
339	242	1
348	242	3
359	242	1
396	242	1
431	242	1
439	242	1
440	242	1
447	242	1
467	242	1
481	242	2
522	242	1
523	242	1
596	242	1
645	242	1
654	242	1
733	242	1
760	242	1
773	242	1
775	242	1
840	242	1
841	242	3
845	242	1
886	242	1
899	242	1
903	242	1
939	242	1
944	242	2
177	243	1
189	243	1
230	243	1
298	243	1
440	243	1
760	243	1
892	243	1
906	243	1
115	244	1
125	244	1
244	244	1
312	244	1
332	244	1
408	244	1
475	244	1
510	244	1
609	244	1
653	244	1
722	244	1
790	244	1
799	244	1
950	244	1
110	245	1
580	245	1
817	245	1
26	247	1
47	247	1
79	247	1
119	247	1
274	247	1
419	247	1
446	247	2
447	247	1
542	247	1
671	247	1
680	247	2
734	247	1
805	247	1
878	247	1
57	248	1
59	248	1
74	248	2
131	248	1
178	248	1
222	248	1
277	248	1
447	248	1
590	248	1
725	248	1
844	248	1
854	248	1
876	248	1
878	248	1
898	248	1
1000	248	1
1	249	1
5	249	1
17	249	1
79	249	1
89	249	1
91	249	1
108	249	1
119	249	1
132	249	1
158	249	1
242	249	1
299	249	1
323	249	1
381	249	2
418	249	2
439	249	1
440	249	1
481	249	1
503	249	1
523	249	2
547	249	1
620	249	1
645	249	1
685	249	1
760	249	1
775	249	1
800	249	1
814	249	1
886	249	1
1	250	1
5	250	1
119	250	1
242	250	1
255	250	1
260	250	1
381	250	1
645	250	2
858	250	1
884	250	1
886	250	1
108	251	1
144	251	1
329	251	1
362	251	1
396	251	1
506	251	1
605	251	2
731	251	1
779	251	1
855	251	1
57	254	1
779	254	1
877	254	1
5	255	1
14	255	1
158	255	1
210	255	1
214	255	1
355	255	1
523	255	1
731	255	1
903	255	1
31	256	1
418	256	2
439	256	1
547	256	1
645	256	1
676	256	1
716	256	1
841	256	1
851	256	1
886	256	1
903	256	1
1	257	1
5	257	1
127	257	1
206	257	1
207	257	1
217	257	1
348	257	1
614	257	1
775	257	1
798	257	1
818	257	1
882	257	1
899	257	1
969	257	1
53	258	1
198	258	1
332	258	1
523	258	1
547	258	1
116	259	2
148	259	1
759	259	1
773	259	1
868	259	1
955	259	1
16	260	1
22	260	1
57	260	1
74	260	3
125	260	1
129	260	1
131	260	1
132	260	4
148	260	1
154	260	2
210	260	1
277	260	1
282	260	1
294	260	1
297	260	1
300	260	1
305	260	1
328	260	1
358	260	1
387	260	2
399	260	1
412	260	1
419	260	2
446	260	1
472	260	1
473	260	1
477	260	1
487	260	2
492	260	1
587	260	1
671	260	1
725	260	2
728	260	1
734	260	2
756	260	1
762	260	3
789	260	1
805	260	2
854	260	1
877	260	1
906	260	2
956	260	1
963	260	1
987	260	1
992	260	1
1000	260	1
74	261	1
78	261	1
277	261	1
281	261	1
356	261	1
542	263	1
622	263	1
567	265	1
641	265	1
812	265	1
826	265	1
5	267	1
159	267	1
242	267	1
249	267	1
257	267	1
258	267	1
382	267	1
419	267	1
671	267	1
704	267	1
762	267	1
963	267	1
119	269	1
132	269	1
158	269	1
242	269	1
247	269	1
442	269	1
503	269	1
543	269	1
708	269	1
731	269	1
774	269	1
943	269	1
309	270	1
799	270	1
842	270	1
866	270	1
959	270	1
96	271	2
112	271	2
162	271	1
167	271	1
271	271	1
294	271	1
309	271	1
396	271	1
440	271	1
533	271	1
601	271	1
609	271	2
614	271	1
669	271	1
682	271	2
736	271	1
760	271	1
802	271	1
813	271	1
849	271	2
885	271	1
911	271	1
66	272	1
79	272	1
262	272	1
312	272	1
431	272	1
463	272	1
471	272	1
609	272	2
679	272	1
709	272	1
812	272	1
1	274	1
62	274	1
74	274	2
91	274	1
104	274	1
108	274	1
113	274	1
119	274	1
132	274	1
174	274	1
185	274	1
210	274	1
221	274	1
230	274	1
242	274	1
268	274	1
294	274	1
297	274	1
318	274	1
381	274	1
418	274	1
431	274	3
447	274	1
506	274	1
552	274	1
578	274	1
612	274	1
644	274	1
654	274	1
680	274	1
704	274	1
733	274	1
755	274	1
762	274	1
774	274	1
775	274	1
789	274	1
841	274	2
854	274	2
877	274	1
878	274	3
903	274	1
924	274	1
939	274	1
944	274	1
966	274	1
987	274	1
57	275	1
440	275	1
826	275	1
127	276	1
132	276	1
139	276	2
158	276	1
221	276	1
250	276	1
291	276	1
296	276	1
299	276	1
311	276	1
357	276	1
359	276	1
375	276	1
405	276	1
411	276	1
478	276	1
523	276	2
645	276	1
698	276	1
711	276	1
722	276	1
871	276	1
944	276	1
10	277	4
11	277	1
16	277	1
39	277	1
51	277	1
57	277	6
59	277	1
66	277	1
74	277	3
77	277	1
104	277	1
129	277	1
131	277	1
132	277	2
154	277	1
178	277	1
191	277	2
210	277	2
224	277	1
228	277	1
230	277	1
247	277	1
248	277	1
260	277	1
274	277	3
277	277	4
293	277	1
297	277	3
300	277	3
312	277	1
318	277	2
364	277	1
380	277	1
419	277	3
431	277	2
442	277	1
447	277	2
463	277	2
465	277	1
487	277	2
504	277	1
526	277	1
588	277	1
590	277	5
613	277	3
655	277	1
661	277	1
670	277	1
671	277	2
680	277	1
694	277	1
717	277	1
722	277	1
728	277	1
752	277	1
755	277	2
789	277	1
805	277	1
843	277	1
846	277	1
854	277	2
876	277	1
877	277	1
878	277	2
880	277	1
884	277	2
892	277	1
894	277	1
897	277	1
898	277	1
906	277	1
944	277	1
948	277	1
974	277	1
108	279	1
543	279	1
950	280	1
50	281	1
127	281	1
207	281	1
226	281	1
851	281	1
855	281	1
13	282	1
53	282	1
65	282	1
128	282	1
139	282	1
148	282	2
159	282	1
162	282	1
183	282	1
219	282	2
234	282	1
237	282	1
282	282	1
297	282	1
305	282	1
329	282	2
332	282	2
364	282	1
400	282	2
411	282	1
412	282	1
477	282	3
518	282	1
555	282	2
559	282	1
613	282	1
635	282	1
711	282	1
722	282	1
731	282	1
802	282	4
808	282	1
819	282	2
826	282	1
916	282	1
956	282	1
958	282	1
53	283	1
159	283	1
305	283	1
353	283	1
411	283	1
422	283	1
518	283	1
555	283	1
559	283	1
568	283	1
591	283	1
959	283	1
33	284	1
118	284	2
132	284	1
183	284	1
189	284	1
219	284	1
228	284	1
427	284	1
462	284	1
518	284	1
654	284	1
685	284	1
731	284	1
819	284	1
916	284	1
940	284	1
48	286	1
53	286	2
115	286	2
183	286	1
228	286	1
230	286	1
244	286	1
265	286	1
282	286	1
284	286	1
305	286	1
329	286	1
332	286	1
360	286	1
408	286	1
427	286	1
462	286	1
475	286	1
555	286	2
556	286	1
560	286	1
580	286	1
589	286	1
595	286	1
606	286	1
621	286	1
623	286	1
697	286	1
701	286	2
711	286	3
722	286	1
724	286	1
808	286	1
819	286	2
823	286	2
826	286	1
876	286	1
955	286	1
974	286	1
276	287	1
367	288	1
189	289	1
386	289	1
477	289	1
751	289	1
882	289	1
1	291	1
55	291	1
85	291	1
112	291	1
123	291	1
357	291	1
450	291	1
609	291	1
669	291	1
744	291	1
809	291	1
812	291	2
842	291	1
866	291	1
992	291	1
132	293	1
199	293	1
237	293	1
277	293	1
418	293	1
427	293	1
431	293	1
605	293	1
719	293	1
732	293	1
808	293	1
871	293	1
950	293	1
14	294	1
59	294	1
74	294	1
78	294	1
144	294	1
154	294	2
178	294	1
185	294	1
189	294	1
207	294	1
210	294	1
233	294	1
248	294	1
260	294	1
277	294	1
297	294	1
298	294	1
367	294	1
378	294	1
412	294	1
419	294	1
439	294	1
446	294	1
447	294	1
463	294	1
487	294	1
504	294	1
507	294	1
577	294	1
606	294	1
612	294	1
665	294	1
696	294	1
721	294	1
774	294	1
816	294	1
831	294	1
841	294	3
866	294	1
891	294	1
992	294	1
249	295	1
269	295	1
381	295	1
418	295	1
447	295	1
523	295	1
570	295	1
706	295	1
775	295	1
871	295	1
887	295	1
987	295	1
36	296	1
91	296	1
127	296	1
139	296	1
396	296	1
442	296	1
577	296	1
578	296	1
733	296	1
895	296	1
943	296	1
113	297	1
132	297	2
183	297	1
197	297	1
210	297	1
219	297	1
303	297	1
341	297	1
412	297	1
423	297	1
447	297	1
487	297	1
542	297	1
613	297	1
670	297	1
695	297	1
725	297	1
728	297	1
734	297	1
805	297	1
808	297	1
854	297	2
878	297	2
945	297	1
974	297	1
989	297	1
993	297	1
44	298	1
71	298	1
76	298	1
127	298	1
171	298	1
212	298	1
234	298	1
271	298	1
281	298	1
288	298	1
298	298	1
325	298	1
450	298	1
473	298	1
606	298	1
620	298	1
661	298	1
669	298	2
763	298	1
793	298	1
836	298	2
874	298	1
937	298	1
1	299	1
24	299	1
58	299	1
69	299	1
79	299	2
91	299	1
119	299	2
121	299	1
207	299	1
214	299	2
221	299	2
242	299	2
249	299	1
255	299	1
299	299	1
322	299	2
335	299	1
339	299	1
348	299	3
366	299	1
418	299	3
425	299	1
439	299	2
462	299	1
481	299	1
547	299	1
558	299	1
609	299	1
610	299	1
645	299	1
651	299	1
658	299	1
662	299	1
676	299	1
708	299	1
753	299	1
760	299	2
773	299	1
775	299	2
841	299	2
858	299	1
871	299	2
888	299	1
899	299	1
923	299	1
947	299	1
966	299	1
51	300	1
79	300	1
132	300	1
158	300	1
185	300	1
277	300	1
412	300	1
419	300	1
431	300	1
612	300	1
735	300	1
802	300	1
844	300	1
876	300	1
989	300	1
993	300	1
1	301	1
119	301	1
121	301	1
177	301	1
237	301	1
339	301	1
425	301	1
503	301	1
523	301	1
645	301	1
687	301	1
845	301	1
871	301	1
74	302	1
130	302	1
386	302	1
419	302	1
442	302	1
826	302	1
907	302	1
57	303	1
358	303	1
39	304	1
447	304	1
55	305	1
115	305	1
116	305	1
124	305	1
144	305	2
189	305	3
207	305	2
219	305	1
222	305	1
235	305	1
305	305	2
382	305	1
396	305	1
408	305	1
412	305	1
422	305	1
423	305	1
425	305	2
449	305	1
481	305	1
487	305	1
492	305	1
513	305	1
518	305	1
539	305	1
559	305	1
575	305	2
591	305	1
597	305	1
635	305	1
654	305	1
671	305	1
692	305	1
711	305	1
722	305	1
737	305	2
740	305	1
768	305	2
771	305	1
780	305	1
791	305	1
798	305	1
819	305	1
826	305	1
831	305	1
851	305	1
876	305	1
944	305	1
958	305	1
959	305	1
969	305	1
974	305	2
978	305	1
159	306	1
305	306	1
341	306	1
731	306	1
826	306	1
867	306	1
968	306	1
189	307	1
260	307	1
688	307	1
855	307	1
975	307	1
523	308	1
832	308	1
840	308	1
909	308	1
3	309	1
55	309	1
123	309	1
164	309	2
171	309	1
240	309	1
241	309	1
281	309	1
291	309	1
298	309	2
300	309	1
302	309	1
308	309	1
312	309	1
357	309	1
370	309	1
387	309	1
405	309	1
416	309	1
427	309	1
438	309	1
440	309	1
471	309	1
478	309	2
484	309	1
567	309	1
590	309	1
601	309	1
620	309	2
666	309	1
671	309	1
676	309	1
722	309	1
808	309	1
849	309	1
866	309	1
874	309	1
878	309	1
919	309	1
936	309	1
940	309	2
969	309	1
57	310	1
406	310	1
510	310	1
751	310	1
771	310	1
826	310	1
189	311	1
375	311	1
611	311	1
177	312	1
187	312	1
189	312	1
271	312	1
291	312	1
296	312	1
325	312	1
367	312	1
427	312	1
458	312	1
473	312	1
535	312	1
549	312	1
584	312	1
609	312	3
614	312	1
774	312	1
778	312	1
793	312	1
807	312	1
808	312	2
940	312	2
969	312	1
984	312	1
989	312	1
990	312	1
325	313	1
367	313	1
418	314	1
74	315	1
171	315	1
446	315	1
447	315	1
609	315	1
932	315	1
570	316	1
277	317	1
318	317	1
446	317	1
574	317	1
578	317	1
680	317	1
909	317	1
1	318	1
10	318	1
16	318	1
34	318	1
66	318	2
74	318	2
79	318	1
102	318	2
113	318	1
131	318	1
141	318	1
154	318	1
171	318	1
183	318	1
210	318	1
248	318	1
249	318	1
271	318	1
277	318	2
294	318	1
297	318	2
318	318	3
419	318	2
431	318	3
439	318	1
442	318	1
447	318	1
463	318	1
484	318	1
491	318	1
577	318	1
590	318	1
613	318	1
617	318	1
665	318	1
682	318	1
728	318	1
734	318	1
759	318	1
778	318	1
805	318	2
814	318	1
854	318	5
866	318	1
878	318	3
893	318	1
898	318	1
518	319	1
692	319	1
53	320	1
924	320	1
939	320	1
132	322	1
201	322	1
396	322	1
477	322	1
496	322	1
523	322	1
653	322	1
765	322	1
771	322	1
969	322	1
119	323	1
132	323	1
375	323	1
561	323	1
645	323	1
685	323	1
773	323	1
923	323	1
939	323	1
217	324	1
3	325	1
14	325	1
41	325	1
42	325	1
88	325	1
126	325	1
154	325	1
171	325	1
177	325	1
298	325	1
309	325	2
312	325	1
412	325	1
471	325	1
473	325	1
527	325	1
549	325	1
558	325	1
575	325	1
577	325	1
590	325	1
661	325	1
669	325	1
682	325	1
696	325	1
762	325	1
793	325	1
808	325	1
809	325	2
847	325	1
940	325	1
956	325	1
967	325	1
500	328	1
552	328	1
762	328	1
774	328	1
898	328	1
112	329	1
118	329	1
139	329	1
201	329	1
219	329	1
228	329	1
284	329	1
692	329	1
756	329	1
775	329	1
791	329	1
823	329	1
919	329	1
115	332	2
119	332	1
148	332	1
160	332	1
189	332	1
228	332	1
230	332	1
282	332	1
286	332	2
320	332	1
332	332	1
405	332	1
408	332	1
412	332	1
449	332	1
477	332	3
510	332	2
518	332	1
575	332	1
595	332	1
641	332	1
643	332	1
685	332	1
724	332	1
731	332	1
817	332	1
823	332	1
826	332	3
943	332	1
956	332	1
958	332	1
479	334	1
919	334	1
1	335	1
12	335	1
119	335	1
158	335	1
217	335	1
293	335	1
364	335	1
381	335	1
427	335	1
578	335	1
708	335	1
845	335	1
341	337	1
612	337	1
159	338	1
709	338	1
944	338	1
91	339	1
117	339	1
120	339	1
132	339	1
217	339	2
235	339	1
242	339	2
382	339	1
422	339	1
447	339	1
467	339	1
481	339	1
496	339	1
508	339	1
523	339	1
535	339	1
543	339	1
564	339	1
578	339	1
588	339	1
596	339	1
647	339	1
653	339	1
666	339	1
708	339	1
733	339	1
737	339	1
760	339	1
775	339	1
822	339	1
845	339	1
871	339	2
943	339	2
944	339	1
966	339	1
13	341	1
39	341	1
51	341	1
84	341	1
125	341	1
129	341	1
181	341	1
199	341	1
224	341	1
260	341	1
261	341	1
277	341	1
356	341	1
364	341	1
427	341	1
431	341	2
580	341	1
590	341	2
701	341	1
734	341	1
743	341	1
771	341	1
780	341	1
826	341	1
844	341	1
944	341	1
207	342	1
854	342	1
391	343	1
446	343	1
721	343	1
792	343	1
219	345	1
812	345	1
6	346	1
139	346	1
237	346	1
339	346	1
403	346	1
412	346	1
431	346	1
443	346	1
564	346	1
654	346	1
708	346	1
775	346	1
840	346	1
31	348	2
89	348	1
132	348	2
156	348	1
182	348	1
199	348	1
235	348	1
242	348	1
249	348	4
267	348	1
295	348	1
309	348	1
339	348	1
439	348	2
447	348	1
547	348	1
568	348	1
570	348	1
581	348	1
653	348	1
731	348	1
737	348	1
771	348	1
773	348	1
841	348	4
886	348	1
899	348	2
908	348	1
917	348	1
944	348	1
1	349	1
31	349	1
182	349	1
418	349	1
443	349	1
601	349	1
778	349	1
808	349	1
568	350	1
199	352	1
775	352	1
82	353	1
125	353	1
360	353	1
386	353	1
408	353	1
76	354	1
132	354	1
167	354	1
199	354	1
247	354	1
297	354	1
690	354	1
762	354	1
878	354	1
989	354	1
224	355	1
312	355	1
641	355	1
808	355	1
916	355	1
955	355	1
132	356	1
286	356	1
388	356	1
404	356	1
419	356	1
465	356	1
475	356	1
487	356	1
590	356	1
635	356	1
753	356	1
755	356	1
826	356	1
74	357	1
86	357	1
96	357	1
167	357	1
210	357	1
277	357	2
318	357	2
357	357	1
364	357	1
403	357	1
419	357	2
431	357	1
487	357	1
669	357	2
682	357	1
690	357	1
734	357	1
762	357	1
799	357	2
812	357	1
816	357	1
846	357	1
898	357	1
995	357	1
11	358	1
217	358	1
224	358	1
260	358	1
354	358	1
391	358	1
419	358	1
680	358	1
755	358	1
773	358	1
171	359	1
393	359	1
596	359	1
87	360	1
547	360	1
560	360	1
570	360	1
643	360	1
644	360	1
692	360	2
708	360	1
726	360	1
759	360	1
824	360	1
863	360	1
868	360	1
876	360	1
144	363	1
10	364	1
84	364	1
119	364	1
132	364	1
178	364	1
210	364	1
224	364	1
260	364	1
423	364	1
427	364	1
439	364	1
440	364	1
442	364	1
473	364	1
511	364	1
537	364	1
578	364	1
635	364	1
706	364	1
755	364	1
780	364	1
819	364	1
826	364	1
867	364	1
868	364	1
909	364	1
956	364	1
974	364	1
128	366	1
322	366	1
408	366	1
478	366	1
518	366	1
662	366	1
722	366	1
731	366	1
773	366	1
826	366	1
924	366	1
167	367	1
171	367	1
427	367	1
471	367	1
473	367	1
779	367	1
812	367	1
936	367	1
245	370	1
5	372	1
58	372	1
335	372	1
826	372	1
832	372	1
408	374	1
31	375	1
132	375	1
138	375	1
214	375	1
243	375	1
260	375	1
339	375	1
446	375	1
523	375	1
527	375	1
648	375	1
665	375	1
671	375	1
775	375	1
871	375	1
244	376	1
286	376	1
305	376	1
643	376	1
284	377	1
386	377	1
595	377	1
700	377	1
714	377	1
731	377	1
797	377	1
876	377	1
969	377	1
987	377	1
74	378	1
125	378	1
131	378	1
132	378	1
247	378	1
260	378	1
318	378	1
357	378	1
419	378	1
446	378	1
513	378	1
670	378	1
808	378	2
854	378	1
199	379	1
11	380	2
74	380	1
101	380	1
154	380	1
167	380	1
189	380	1
248	380	1
260	380	1
450	380	1
542	380	1
609	380	1
802	380	1
876	380	1
898	380	1
1	381	2
5	381	1
25	381	1
84	381	1
158	381	1
242	381	1
277	381	1
348	381	1
366	381	1
396	381	1
523	381	1
577	381	1
645	381	1
654	381	1
775	381	1
808	381	1
832	381	1
841	381	1
966	381	1
986	381	1
1	382	1
31	382	1
224	382	1
251	382	1
412	382	1
464	382	1
756	382	1
846	382	1
477	383	1
842	383	1
69	384	1
125	384	1
189	384	1
427	384	1
511	384	1
711	384	1
987	384	1
131	385	1
132	385	1
34	386	1
312	386	1
332	386	1
403	386	1
549	386	1
606	386	1
690	386	1
852	386	1
141	387	1
148	387	1
210	387	1
225	387	1
242	387	1
286	387	1
463	387	1
523	387	1
662	387	1
695	387	1
734	387	1
755	387	1
756	387	1
762	387	1
844	387	1
868	387	1
886	387	1
916	387	1
477	388	1
826	388	1
974	388	1
357	389	1
277	391	1
798	391	1
844	391	1
967	391	1
108	393	1
132	393	1
168	393	1
237	393	1
658	393	1
665	393	1
731	393	1
826	393	1
918	393	1
986	393	1
1	396	2
31	396	1
78	396	1
91	396	1
132	396	1
171	396	1
182	396	1
258	396	1
284	396	1
348	396	1
375	396	1
396	396	1
439	396	1
640	396	1
645	396	1
661	396	1
711	396	1
826	396	1
832	396	1
871	396	1
886	396	1
966	396	1
267	399	1
412	399	1
620	399	1
844	399	1
477	400	1
478	400	1
607	400	1
653	400	1
808	400	1
928	400	1
969	400	1
123	402	1
160	402	1
332	402	1
768	402	1
916	402	1
78	403	1
92	403	1
132	403	1
185	403	1
277	403	1
294	403	1
318	403	1
403	403	1
419	403	2
446	403	1
463	403	1
590	403	1
612	403	1
614	403	1
645	403	1
766	403	1
854	403	1
898	403	1
950	403	1
966	403	1
609	404	1
3	405	1
39	405	1
41	405	1
106	405	1
127	405	1
162	405	1
171	405	1
228	405	1
309	405	1
312	405	1
440	405	1
531	405	1
601	405	1
609	405	2
641	405	1
778	405	1
817	405	1
826	405	1
922	405	1
967	405	1
237	406	1
418	406	1
477	406	1
978	406	1
160	407	1
378	407	1
447	407	1
577	407	1
779	407	1
844	407	1
2	408	1
30	408	1
33	408	1
53	408	1
119	408	1
190	408	1
244	408	1
284	408	1
305	408	1
329	408	1
332	408	1
354	408	1
360	408	1
366	408	1
396	408	1
400	408	1
408	408	1
412	408	1
449	408	1
473	408	1
559	408	2
567	408	1
575	408	1
635	408	1
641	408	1
685	408	2
722	408	1
759	408	1
771	408	1
808	408	1
819	408	1
823	408	2
844	408	1
956	408	2
958	408	1
431	409	1
509	409	1
645	409	1
55	410	1
123	410	1
271	410	1
325	410	1
669	410	1
809	410	1
2	411	1
341	411	1
364	411	1
473	411	1
477	411	1
518	411	1
685	411	1
741	411	1
771	411	1
876	411	1
14	412	1
23	412	1
34	412	1
51	412	1
57	412	1
69	412	1
119	412	1
132	412	2
160	412	1
183	412	1
211	412	1
225	412	1
277	412	2
296	412	1
305	412	1
312	412	1
364	412	1
366	412	1
377	412	1
391	412	1
408	412	1
412	412	1
422	412	1
427	412	1
431	412	2
462	412	1
542	412	1
559	412	1
582	412	1
606	412	1
609	412	1
612	412	1
655	412	1
669	412	2
727	412	1
753	412	1
781	412	1
790	412	1
797	412	2
808	412	1
817	412	1
819	412	1
852	412	1
854	412	1
868	412	1
889	412	1
965	412	1
976	412	1
987	412	1
121	413	1
248	413	1
274	413	1
276	413	1
674	413	1
24	414	1
242	414	1
314	414	1
886	414	1
53	415	1
78	415	1
779	415	1
178	416	1
312	416	1
852	416	1
39	417	1
132	417	2
260	417	1
463	417	1
665	417	1
1	418	2
5	418	2
10	418	1
28	418	1
79	418	1
87	418	1
108	418	1
110	418	2
119	418	1
132	418	1
158	418	1
189	418	1
214	418	1
237	418	1
242	418	1
249	418	1
258	418	1
296	418	1
299	418	1
339	418	1
346	418	1
366	418	1
375	418	1
396	418	1
418	418	2
447	418	3
508	418	1
523	418	2
547	418	1
558	418	1
578	418	2
605	418	1
645	418	2
653	418	3
666	418	1
708	418	1
733	418	1
760	418	2
763	418	1
808	418	1
832	418	2
841	418	1
871	418	2
882	418	1
884	418	1
886	418	1
898	418	1
938	418	1
939	418	1
944	418	1
990	418	1
11	419	1
39	419	1
57	419	1
66	419	2
74	419	3
121	419	1
129	419	1
131	419	2
132	419	2
181	419	1
199	419	1
210	419	3
233	419	1
260	419	2
274	419	4
277	419	5
303	419	1
341	419	1
364	419	1
378	419	1
419	419	6
427	419	1
431	419	5
446	419	2
447	419	1
459	419	1
463	419	1
542	419	1
577	419	1
590	419	1
609	419	1
612	419	4
613	419	3
650	419	1
670	419	2
675	419	1
680	419	2
725	419	2
731	419	1
734	419	1
735	419	1
755	419	1
799	419	1
806	419	1
808	419	1
824	419	1
844	419	1
846	419	1
854	419	1
878	419	5
884	419	2
892	419	2
898	419	1
906	419	1
974	419	1
979	419	1
987	419	2
154	420	1
539	420	1
695	420	1
348	421	1
614	421	1
680	421	1
947	421	1
24	422	1
115	422	1
224	422	1
286	422	1
322	422	1
423	422	1
511	422	1
518	422	1
524	422	1
671	422	1
722	422	1
773	422	2
826	422	1
974	422	1
978	422	1
28	423	1
132	423	1
249	423	1
276	423	1
286	423	1
339	423	1
341	423	1
366	423	1
411	423	1
423	423	2
426	423	1
492	423	1
524	423	1
535	423	1
595	423	1
639	423	1
650	423	1
653	423	1
692	423	1
771	423	1
823	423	1
826	423	1
911	423	1
955	423	1
969	423	1
407	424	1
228	425	1
244	425	1
260	425	1
305	425	1
342	425	1
590	425	1
823	425	1
866	425	1
868	425	1
53	426	2
130	426	1
329	426	1
332	426	1
377	426	1
524	426	1
575	426	1
791	426	1
5	427	1
89	427	1
92	427	1
118	427	1
132	427	1
144	427	1
148	427	2
154	427	1
159	427	1
191	427	1
207	427	1
230	427	1
249	427	1
250	427	1
260	427	1
276	427	1
284	427	2
293	427	1
296	427	1
299	427	1
318	427	1
332	427	1
339	427	1
341	427	1
378	427	1
381	427	1
402	427	1
404	427	1
412	427	2
419	427	1
423	427	1
427	427	1
439	427	1
449	427	1
473	427	1
484	427	1
511	427	1
523	427	2
559	427	1
623	427	1
635	427	2
645	427	1
685	427	1
760	427	1
771	427	2
775	427	1
808	427	2
814	427	1
819	427	1
823	427	1
826	427	1
867	427	1
873	427	1
892	427	1
948	427	1
959	427	1
79	430	1
584	430	1
10	431	1
11	431	1
34	431	1
74	431	6
94	431	1
113	431	2
132	431	2
154	431	2
178	431	2
185	431	1
191	431	2
210	431	2
224	431	1
260	431	6
274	431	1
277	431	3
294	431	1
297	431	4
300	431	2
346	431	1
378	431	1
380	431	1
431	431	7
446	431	2
447	431	5
463	431	4
465	431	1
484	431	1
542	431	1
577	431	2
590	431	3
612	431	3
632	431	1
644	431	1
661	431	1
670	431	1
674	431	1
680	431	2
694	431	1
696	431	1
700	431	1
725	431	2
728	431	1
734	431	1
755	431	5
756	431	1
762	431	3
774	431	1
808	431	2
815	431	1
841	431	1
846	431	1
852	431	1
854	431	4
876	431	1
878	431	1
881	431	1
892	431	1
894	431	1
898	431	2
908	431	1
974	431	4
976	431	2
982	431	1
987	431	1
989	431	1
402	432	1
425	432	1
497	432	1
808	432	1
224	433	1
282	433	1
431	433	1
556	433	1
756	433	1
819	433	1
823	433	1
854	433	1
989	433	1
118	434	1
139	434	1
227	434	1
635	434	1
692	434	2
844	434	1
974	434	1
433	435	1
518	435	1
311	436	1
557	436	1
779	436	1
74	438	1
291	438	1
382	438	2
588	438	1
601	438	1
622	438	1
766	438	1
835	438	1
892	438	1
907	438	1
992	438	1
5	439	1
78	439	1
79	439	1
88	439	1
99	439	1
119	439	1
139	439	1
158	439	1
199	439	1
214	439	1
221	439	1
237	439	1
250	439	1
251	439	1
256	439	1
269	439	1
299	439	2
317	439	1
323	439	1
349	439	1
360	439	1
381	439	1
439	439	2
523	439	2
524	439	1
547	439	2
601	439	1
645	439	2
653	439	1
654	439	1
658	439	1
665	439	1
685	439	1
687	439	1
731	439	1
733	439	1
769	439	1
775	439	3
841	439	1
886	439	3
889	439	1
892	439	1
903	439	1
920	439	1
96	440	1
119	440	1
171	440	1
221	440	1
227	440	1
242	440	1
268	440	1
274	440	2
282	440	1
295	440	1
299	440	1
325	440	1
348	440	2
406	440	1
427	440	1
430	440	1
439	440	2
523	440	1
540	440	1
551	440	1
601	440	1
609	440	1
665	440	1
666	440	1
682	440	1
701	440	1
709	440	1
729	440	1
752	440	1
760	440	1
773	440	2
774	440	2
799	440	1
808	440	1
832	440	2
841	440	1
858	440	1
919	440	1
920	440	1
966	440	1
969	440	1
53	441	1
302	441	1
555	441	1
685	441	1
11	442	1
57	442	1
74	442	1
385	442	1
403	442	1
442	442	1
446	442	1
523	442	1
578	442	1
665	442	1
708	442	1
779	442	2
821	442	1
889	442	1
891	442	1
28	443	1
158	443	1
214	443	1
249	443	1
294	443	1
393	443	1
418	443	1
523	443	1
570	443	1
858	443	1
132	444	1
318	444	1
559	444	1
14	446	1
57	446	1
70	446	1
74	446	1
76	446	1
104	446	2
125	446	1
127	446	2
131	446	1
132	446	2
189	446	1
191	446	1
193	446	1
199	446	2
247	446	1
257	446	1
277	446	3
300	446	1
305	446	1
318	446	1
341	446	1
358	446	1
378	446	1
407	446	1
431	446	1
447	446	1
463	446	2
465	446	1
526	446	1
561	446	1
590	446	2
605	446	1
612	446	1
613	446	1
731	446	1
734	446	1
743	446	1
755	446	1
760	446	1
770	446	1
809	446	1
815	446	1
831	446	1
844	446	1
854	446	2
878	446	1
881	446	1
884	446	1
906	446	1
944	446	1
974	446	1
989	446	1
5	447	1
77	447	1
91	447	1
110	447	1
125	447	1
131	447	1
132	447	2
135	447	1
136	447	1
144	447	1
154	447	2
178	447	1
191	447	1
206	447	1
221	447	1
223	447	1
242	447	1
249	447	2
260	447	2
272	447	1
294	447	1
297	447	1
318	447	1
322	447	1
323	447	1
357	447	1
409	447	1
412	447	1
419	447	3
431	447	2
440	447	1
463	447	1
467	447	1
482	447	1
504	447	2
506	447	1
542	447	1
558	447	1
601	447	1
606	447	1
612	447	1
614	447	1
630	447	1
644	447	1
647	447	1
650	447	1
661	447	1
689	447	1
726	447	1
731	447	1
732	447	1
755	447	1
756	447	1
760	447	1
763	447	1
773	447	1
793	447	1
803	447	1
808	447	1
834	447	1
840	447	1
844	447	1
846	447	1
854	447	2
858	447	1
871	447	1
878	447	1
884	447	1
898	447	1
906	447	1
920	447	1
960	447	1
986	447	1
987	447	1
989	447	2
412	448	1
115	449	1
139	449	1
159	449	1
282	449	1
284	449	1
305	449	1
332	449	1
366	449	1
427	449	1
490	449	1
518	449	1
722	449	1
753	449	1
808	449	1
823	449	2
916	449	1
96	450	1
171	450	1
271	450	1
450	450	1
760	450	1
450	451	1
873	451	1
79	452	1
159	452	1
551	452	1
555	452	1
751	452	1
341	453	1
465	457	1
440	458	1
936	458	1
318	459	1
844	459	1
577	460	1
778	460	1
431	461	1
48	462	1
189	462	1
422	462	1
425	462	1
650	462	1
653	462	1
670	462	1
692	462	1
808	462	1
826	462	1
8	463	1
16	463	1
57	463	1
74	463	1
131	463	1
178	463	1
274	463	1
277	463	1
294	463	1
300	463	1
318	463	1
357	463	1
399	463	1
415	463	1
431	463	3
446	463	1
484	463	1
506	463	1
542	463	2
560	463	1
590	463	1
612	463	1
613	463	1
620	463	1
637	463	1
661	463	1
670	463	1
680	463	1
695	463	1
725	463	1
731	463	1
756	463	1
830	463	1
880	463	1
881	463	1
987	463	2
1000	463	1
35	465	1
248	465	1
378	465	1
412	465	1
639	465	1
821	465	1
139	467	1
418	467	1
496	467	1
558	467	1
840	467	1
871	467	1
966	467	1
297	470	1
431	470	1
694	470	1
960	470	1
88	471	2
171	471	1
177	471	1
298	471	1
399	471	1
427	471	1
518	471	1
843	471	1
101	472	1
270	472	1
286	472	1
380	472	1
419	472	1
606	472	1
115	473	1
148	473	1
171	473	1
177	473	1
286	473	1
427	473	1
461	473	1
736	473	2
759	473	1
823	473	1
990	473	1
119	475	1
282	475	1
305	475	1
329	475	1
341	475	1
555	475	1
653	475	1
731	475	1
955	475	1
974	475	1
13	477	1
118	477	2
148	477	3
159	477	2
183	477	1
230	477	1
282	477	1
284	477	2
306	477	1
332	477	1
366	477	1
423	477	1
449	477	1
510	477	1
546	477	1
555	477	1
563	477	1
635	477	1
652	477	1
685	477	1
692	477	1
714	477	1
771	477	1
790	477	2
804	477	1
808	477	1
817	477	1
819	477	1
823	477	2
826	477	1
867	477	1
944	477	1
956	477	1
958	477	1
974	477	1
50	478	1
233	478	1
305	478	1
345	478	1
363	478	1
422	478	1
427	478	1
441	478	1
473	478	1
478	478	1
511	478	1
549	478	1
555	478	1
614	478	1
771	478	1
189	479	1
887	480	1
31	481	1
139	481	1
207	481	1
237	481	1
242	481	2
249	481	1
257	481	1
274	481	1
276	481	1
299	481	2
399	481	1
439	481	1
523	481	1
535	481	1
568	481	1
593	481	1
601	481	1
644	481	1
645	481	2
675	481	1
708	481	1
760	481	1
834	481	1
841	481	1
845	481	1
873	481	1
959	481	1
979	481	1
5	482	1
108	482	1
119	482	1
121	482	1
132	482	1
198	482	1
339	482	1
578	482	1
605	482	1
647	482	1
807	482	1
871	482	1
919	482	1
116	484	1
132	484	1
282	484	1
284	484	1
305	484	1
332	484	1
402	484	1
411	484	1
431	484	1
511	484	2
513	484	1
575	484	1
680	484	1
701	484	1
854	484	1
916	484	1
162	485	1
11	487	1
74	487	1
189	487	1
318	487	1
446	487	1
543	487	1
674	487	1
734	487	1
745	487	1
756	487	1
766	487	1
774	487	1
779	487	1
821	487	1
844	487	1
902	487	1
941	487	1
972	487	1
987	487	1
1000	487	1
415	490	1
127	492	1
183	492	1
286	494	1
680	494	1
976	494	1
206	495	1
234	495	1
440	495	1
578	495	1
826	495	1
899	495	1
10	496	1
132	496	1
156	496	1
323	496	1
523	496	2
558	496	1
614	496	1
645	496	1
708	496	1
728	496	1
731	496	1
733	496	1
775	496	1
822	496	1
841	496	2
888	496	1
966	496	1
609	497	1
224	498	1
773	498	1
96	500	1
132	500	1
161	500	1
297	500	1
387	500	1
419	500	1
475	500	1
478	500	1
873	500	1
884	500	1
984	500	1
940	501	1
400	502	1
412	502	1
477	502	1
969	502	2
120	503	1
158	503	1
219	503	1
234	503	1
237	503	1
339	503	1
418	503	1
439	503	2
442	503	1
11	504	1
113	504	1
180	504	1
309	504	1
318	504	1
419	504	1
431	504	1
484	504	1
542	504	1
583	504	1
590	504	1
756	504	1
808	504	1
842	504	1
878	504	1
884	504	1
219	505	1
284	505	1
10	506	1
14	506	1
78	506	1
127	506	2
132	506	1
193	506	1
274	506	1
281	506	1
289	506	2
296	506	1
297	506	1
343	506	1
463	506	1
479	506	1
525	506	1
577	506	1
590	506	1
598	506	1
728	506	1
775	506	1
798	506	1
818	506	1
10	507	1
59	507	1
260	507	1
364	507	1
431	507	1
447	507	1
661	507	1
670	507	2
694	507	1
844	507	1
878	507	1
987	507	1
127	508	1
132	508	1
139	508	1
237	508	1
419	508	1
431	508	1
523	508	1
525	508	1
779	508	2
3	509	1
210	509	1
260	509	1
364	509	1
419	509	1
159	510	1
183	510	1
332	510	1
360	510	1
382	510	1
529	510	1
582	510	1
697	510	1
731	510	1
759	510	1
766	510	1
891	510	1
159	511	1
189	511	1
282	511	1
305	511	1
353	511	1
356	511	1
412	511	1
612	511	1
753	511	1
823	511	1
826	511	1
329	512	1
10	513	1
129	513	1
131	513	1
132	513	1
148	513	1
164	513	1
178	513	1
199	513	1
274	513	1
318	513	1
502	513	1
559	513	1
612	513	1
646	513	1
680	513	1
681	513	1
768	513	1
878	513	1
892	513	1
932	513	1
989	513	1
58	514	1
601	514	1
39	518	1
53	518	1
139	518	1
148	518	1
224	518	1
234	518	1
255	518	1
284	518	1
286	518	1
305	518	1
341	518	1
408	518	1
422	518	1
440	518	1
477	518	1
546	518	1
551	518	1
575	518	1
580	518	1
635	518	1
641	518	1
669	518	1
685	518	2
701	518	1
711	518	1
731	518	1
753	518	1
780	518	1
808	518	1
823	518	2
826	518	1
876	518	1
936	518	1
955	518	1
969	518	1
6	519	1
88	519	1
127	519	1
221	519	1
276	519	1
698	519	1
832	519	1
939	519	1
305	521	1
605	521	1
69	522	1
110	522	1
139	522	1
189	522	1
293	522	1
654	522	1
947	522	1
1	523	3
6	523	1
62	523	1
69	523	1
78	523	1
79	523	2
110	523	1
117	523	1
119	523	1
132	523	1
144	523	1
156	523	1
158	523	4
168	523	1
174	523	1
217	523	1
221	523	1
227	523	1
237	523	1
242	523	4
249	523	1
276	523	3
291	523	1
301	523	2
309	523	1
323	523	1
348	523	2
382	523	1
393	523	1
396	523	2
403	523	1
418	523	1
421	523	1
427	523	1
439	523	2
440	523	1
443	523	1
447	523	1
479	523	1
481	523	2
523	523	1
527	523	1
578	523	3
587	523	1
614	523	1
645	523	6
654	523	2
662	523	1
666	523	1
708	523	2
728	523	1
737	523	1
753	523	1
763	523	1
774	523	1
798	523	2
822	523	1
832	523	2
841	523	2
855	523	1
871	523	2
886	523	1
887	523	1
907	523	3
920	523	1
923	523	1
939	523	2
943	523	1
986	523	2
994	523	1
33	524	1
148	524	1
176	524	1
183	524	1
189	524	1
226	524	1
255	524	1
305	524	1
356	524	1
405	524	1
408	524	1
423	524	1
433	524	1
511	524	1
580	524	1
722	524	1
823	524	2
876	524	1
969	524	2
127	525	1
277	525	1
299	525	1
393	525	1
10	526	1
74	526	1
121	526	1
277	526	1
419	526	1
431	526	1
526	526	1
590	526	1
612	526	2
844	526	1
989	526	1
74	527	1
242	527	1
255	527	1
346	527	1
415	527	1
950	530	1
386	531	1
601	531	1
199	532	1
685	532	1
854	532	1
5	535	1
523	535	1
547	535	1
654	535	1
887	538	1
127	539	1
358	539	1
487	539	1
521	539	1
542	539	1
678	539	1
693	539	1
1	540	1
121	540	1
270	540	1
439	540	1
459	540	1
680	540	1
884	540	1
886	540	1
976	540	1
555	541	1
10	542	1
11	542	1
38	542	1
74	542	1
125	542	1
131	542	1
141	542	1
181	542	1
187	542	1
189	542	1
210	542	1
235	542	1
251	542	1
357	542	1
381	542	1
412	542	1
442	542	1
487	542	1
542	542	1
581	542	1
590	542	1
598	542	1
606	542	1
612	542	2
661	542	1
693	542	1
695	542	3
805	542	1
841	542	1
854	542	1
1	543	1
31	543	1
53	543	1
127	543	1
139	543	1
210	543	1
251	543	1
289	543	1
415	543	1
487	543	1
676	543	1
733	543	1
756	543	1
760	543	1
823	543	1
899	543	1
925	543	1
950	543	1
972	543	1
431	544	1
447	544	1
519	544	1
189	546	1
286	546	1
478	546	1
659	546	1
775	546	1
793	546	1
818	546	1
974	546	1
989	546	1
1	547	1
112	547	1
119	547	1
189	547	1
299	547	1
439	547	1
578	547	1
645	547	1
775	547	1
798	547	1
919	547	1
920	547	1
42	549	1
161	549	1
698	549	1
852	549	1
91	550	1
269	550	1
23	551	1
540	551	1
577	551	1
669	551	1
555	552	1
655	552	1
755	552	1
989	552	1
74	554	1
129	554	1
228	554	1
277	554	1
297	554	1
417	554	1
612	554	1
116	555	1
129	555	1
132	555	1
148	555	1
159	555	1
189	555	1
282	555	1
284	555	2
286	555	1
320	555	1
332	555	1
364	555	1
423	555	2
425	555	1
427	555	1
433	555	2
442	555	1
473	555	1
492	555	1
563	555	1
575	555	2
589	555	1
629	555	1
641	555	2
685	555	1
711	555	2
722	555	1
731	555	1
744	555	1
819	555	1
148	556	1
189	556	1
570	556	1
78	557	1
157	557	1
438	557	1
688	557	1
5	558	1
79	558	1
91	558	1
110	558	1
121	558	1
227	558	1
250	558	1
418	558	1
427	558	2
439	558	1
640	558	1
645	558	1
732	558	1
775	558	1
841	558	1
82	559	1
125	559	1
228	559	1
400	559	1
412	559	1
422	559	1
427	559	1
477	559	4
555	559	1
583	559	1
685	559	1
731	559	1
808	559	1
826	559	2
969	559	1
974	559	1
116	560	1
303	560	1
431	560	1
644	560	1
756	560	1
781	560	1
1	561	1
5	561	1
80	561	1
119	561	1
293	561	1
496	561	1
722	561	1
832	561	1
53	562	1
559	562	1
350	563	1
427	563	1
543	563	1
808	563	1
817	563	1
826	563	1
918	563	1
387	564	1
89	565	1
53	567	1
88	567	1
96	567	1
112	567	1
127	567	1
159	567	2
171	567	1
241	567	1
276	567	1
309	567	2
317	567	1
325	567	1
360	567	1
408	567	1
423	567	1
440	567	1
471	567	1
511	567	1
555	567	1
559	567	2
567	567	1
636	567	1
669	567	3
698	567	1
736	567	1
823	567	2
854	567	1
866	567	1
940	567	1
969	567	2
18	568	1
108	568	1
159	568	1
237	568	1
249	568	1
267	568	1
305	568	1
348	568	1
546	568	1
596	568	1
671	568	1
841	568	1
845	568	1
986	568	1
58	570	1
116	570	1
119	570	1
158	570	1
236	570	1
242	570	1
256	570	1
267	570	2
295	570	1
299	570	2
318	570	1
439	570	1
443	570	1
447	570	1
570	570	1
666	570	1
708	570	1
841	570	1
887	570	1
5	571	1
79	571	1
158	571	1
274	571	1
301	571	1
731	571	1
841	571	1
899	571	1
974	571	1
866	574	1
2	575	1
48	575	1
81	575	1
115	575	1
119	575	1
130	575	1
159	575	2
183	575	1
282	575	2
286	575	1
305	575	1
332	575	2
341	575	1
355	575	1
423	575	1
449	575	2
461	575	1
462	575	1
477	575	2
478	575	1
518	575	1
560	575	1
575	575	1
601	575	1
621	575	1
780	575	1
808	575	1
810	575	1
819	575	1
826	575	4
878	575	2
974	575	1
76	577	1
96	577	1
132	577	1
164	577	1
230	577	1
288	577	1
298	577	1
325	577	1
367	577	1
405	577	1
412	577	1
451	577	1
460	577	1
471	577	1
717	577	1
778	577	1
781	577	1
808	577	1
831	577	1
837	577	1
852	577	1
855	577	1
866	577	1
922	577	1
940	577	1
969	577	1
990	577	1
1	578	1
6	578	2
79	578	2
132	578	1
136	578	1
139	578	1
177	578	1
224	578	1
235	578	1
242	578	1
250	578	1
267	578	2
299	578	1
322	578	1
323	578	1
396	578	1
447	578	2
481	578	1
500	578	1
519	578	1
523	578	1
581	578	1
601	578	3
614	578	1
654	578	1
662	578	1
666	578	1
685	578	1
689	578	1
745	578	1
775	578	2
839	578	1
841	578	1
858	578	1
871	578	2
882	578	1
887	578	1
950	578	1
431	579	1
13	580	1
53	580	1
81	580	1
159	580	1
160	580	1
224	580	1
227	580	1
477	580	1
511	580	1
518	580	1
685	580	1
771	580	1
826	580	1
935	580	1
955	580	1
36	581	1
57	581	1
59	581	1
74	581	1
214	581	1
237	581	1
249	581	1
256	581	1
293	581	1
305	581	1
612	581	1
653	581	1
678	581	1
695	581	1
798	581	1
854	581	1
871	581	1
55	582	1
412	582	1
427	582	1
577	582	1
698	582	1
74	583	1
277	583	1
588	583	1
795	583	1
956	583	1
1	584	2
127	584	1
171	584	1
575	584	1
605	584	1
669	584	1
690	584	1
736	584	1
803	584	1
74	587	1
132	587	1
318	587	1
339	587	1
431	587	1
526	587	1
635	587	1
645	587	1
894	587	1
986	587	1
10	588	1
74	588	2
96	588	1
121	588	1
131	588	1
197	588	1
210	588	1
230	588	1
277	588	1
294	588	2
386	588	1
447	588	1
463	588	1
544	588	1
590	588	1
645	588	1
755	588	1
808	588	1
854	588	1
871	588	1
282	589	1
1	590	1
16	590	1
74	590	1
113	590	1
132	590	1
178	590	1
241	590	1
260	590	1
277	590	5
294	590	2
297	590	1
318	590	1
378	590	2
399	590	1
403	590	1
412	590	1
419	590	4
425	590	1
431	590	3
447	590	1
487	590	1
587	590	1
590	590	2
613	590	1
617	590	1
670	590	1
671	590	1
680	590	2
728	590	1
755	590	3
756	590	1
773	590	1
781	590	2
789	590	1
808	590	1
816	590	1
844	590	1
892	590	1
894	590	1
898	590	1
987	590	1
989	590	1
82	591	1
116	591	1
183	591	1
377	591	1
595	591	1
826	591	1
916	591	1
969	591	1
256	592	1
214	593	1
359	593	1
481	593	1
966	593	1
118	595	1
412	595	1
956	595	1
158	596	1
293	596	1
332	596	1
439	596	1
475	596	1
518	596	1
578	596	1
708	596	1
888	596	1
923	596	1
366	597	1
298	598	1
868	598	1
578	599	1
666	599	1
899	599	1
332	600	1
753	600	1
1	601	2
31	601	1
42	601	1
101	601	1
116	601	2
119	601	1
142	601	1
171	601	2
237	601	1
242	601	1
272	601	1
305	601	1
343	601	1
357	601	1
367	601	1
405	601	1
478	601	1
549	601	1
609	601	1
620	601	1
644	601	1
678	601	1
728	601	1
736	601	1
756	601	1
775	601	1
840	601	1
849	601	1
886	601	1
888	601	1
895	601	1
911	601	1
939	601	1
950	601	1
958	601	1
986	601	2
990	601	1
992	601	1
995	601	1
11	605	1
234	605	1
235	605	2
438	605	1
506	605	1
605	605	1
756	605	1
779	605	1
798	605	1
899	605	1
927	605	1
978	605	1
53	606	1
80	606	1
123	606	1
127	606	1
167	606	1
189	606	1
235	606	1
309	606	1
442	606	1
567	606	2
575	606	1
584	606	1
601	606	1
606	606	1
612	606	1
639	606	1
720	606	1
803	606	1
808	606	1
979	606	1
50	609	1
76	609	1
85	609	1
101	609	1
116	609	1
130	609	1
142	609	1
164	609	1
171	609	1
177	609	1
271	609	2
312	609	1
325	609	1
357	609	1
405	609	1
504	609	1
567	609	2
577	609	1
606	609	1
609	609	1
640	609	1
669	609	1
698	609	1
709	609	1
711	609	1
717	609	1
722	609	1
762	609	1
808	609	2
844	609	1
855	609	1
874	609	1
904	609	1
940	609	1
969	609	1
984	609	1
992	609	1
995	609	2
110	611	1
871	611	1
34	612	1
70	612	1
74	612	2
77	612	1
96	612	1
118	612	2
154	612	1
189	612	1
260	612	1
274	612	1
277	612	3
282	612	1
318	612	1
357	612	1
399	612	1
431	612	3
446	612	2
504	612	1
525	612	1
552	612	1
554	612	1
567	612	1
590	612	1
612	612	1
644	612	1
694	612	1
725	612	1
728	612	1
774	612	1
808	612	1
854	612	1
878	612	1
884	612	1
916	612	1
969	612	1
987	612	1
14	613	1
53	613	1
57	613	1
132	613	1
185	613	1
260	613	1
267	613	1
318	613	1
391	613	1
431	613	1
463	613	1
478	613	1
542	613	1
575	613	1
612	613	1
670	613	1
680	613	1
682	613	1
711	613	1
755	613	1
845	613	1
854	613	1
892	613	1
902	613	1
10	614	1
142	614	1
171	614	1
201	614	1
210	614	1
217	614	1
242	614	2
271	614	1
299	614	1
309	614	2
386	614	1
482	614	1
561	614	1
577	614	2
599	614	1
609	614	2
644	614	1
669	614	1
676	614	1
690	614	1
760	614	1
775	614	2
808	614	1
830	614	1
903	614	1
920	614	1
944	614	1
963	614	1
989	614	1
78	615	1
207	615	1
293	615	1
119	616	1
132	616	1
577	616	1
207	617	1
678	617	1
803	617	1
132	618	1
237	618	1
242	618	1
335	618	1
349	618	1
966	618	1
3	620	1
242	620	1
291	620	1
312	620	2
358	620	1
381	620	1
447	620	1
471	620	1
523	620	1
577	620	1
582	620	1
606	620	1
609	620	2
620	620	1
669	620	1
682	620	1
725	620	1
884	620	1
936	620	1
940	620	2
57	621	1
78	621	1
127	621	1
148	621	1
189	621	2
251	621	1
283	621	1
298	621	1
575	621	1
731	621	1
741	621	1
766	621	1
790	621	1
972	621	1
485	622	1
148	623	1
230	623	1
408	623	1
563	623	1
575	623	1
612	623	1
863	623	1
916	623	2
408	624	1
722	624	1
760	625	1
219	626	1
197	627	1
671	627	1
318	630	1
431	630	1
665	630	1
728	630	1
756	630	1
881	630	1
431	632	1
245	634	1
20	635	1
53	635	2
118	635	1
159	635	2
189	635	1
227	635	1
234	635	1
360	635	1
384	635	1
412	635	1
502	635	1
555	635	1
559	635	2
567	635	1
575	635	2
671	635	1
692	635	1
741	635	1
782	635	1
948	635	1
987	635	1
518	636	1
842	636	1
260	637	1
358	637	1
431	637	1
132	638	1
277	638	1
30	639	1
50	639	1
75	639	1
130	639	1
410	639	1
412	639	1
669	639	2
729	639	1
969	639	1
995	639	1
472	640	1
584	640	1
53	641	2
118	641	1
159	641	1
201	641	1
283	641	1
286	641	1
423	641	1
462	641	1
505	641	1
575	641	1
606	641	1
653	641	1
708	641	1
101	642	1
472	642	1
152	643	1
405	643	1
425	643	1
582	643	1
10	644	1
119	644	1
132	644	1
217	644	1
221	644	1
385	644	1
419	644	1
440	644	1
446	644	1
523	644	2
556	644	1
654	644	1
1	645	1
69	645	1
91	645	1
110	645	2
119	645	2
124	645	1
139	645	1
156	645	1
189	645	1
201	645	3
217	645	2
219	645	1
242	645	3
249	645	1
250	645	1
267	645	1
269	645	1
274	645	1
276	645	1
295	645	1
296	645	1
299	645	1
311	645	1
339	645	2
348	645	1
418	645	5
427	645	1
439	645	2
447	645	1
461	645	1
463	645	1
481	645	3
518	645	1
523	645	1
540	645	1
558	645	1
570	645	1
614	645	1
645	645	1
665	645	1
685	645	1
692	645	1
708	645	1
728	645	1
733	645	1
747	645	1
755	645	1
760	645	1
785	645	1
814	645	1
822	645	1
832	645	1
840	645	1
871	645	2
889	645	2
920	645	1
938	645	2
939	645	1
943	645	1
944	645	1
959	645	1
967	645	1
391	646	1
808	646	1
822	646	1
158	647	1
812	647	1
440	648	1
665	648	1
310	649	1
775	649	1
542	650	1
692	650	1
132	651	1
276	651	1
439	651	1
614	651	1
844	651	1
966	651	1
1	653	1
79	653	1
83	653	1
92	653	1
108	653	1
132	653	1
228	653	1
235	653	1
242	653	1
276	653	1
282	653	1
286	653	1
322	653	1
323	653	1
339	653	1
348	653	1
375	653	1
447	653	1
511	653	1
518	653	2
578	653	1
641	653	1
653	653	1
711	653	1
765	653	1
785	653	1
810	653	1
832	653	1
833	653	1
938	653	1
950	653	1
24	654	1
31	654	1
132	654	1
207	654	1
219	654	1
224	654	1
234	654	1
255	654	1
274	654	2
286	654	1
296	654	1
346	654	1
418	654	1
447	654	1
547	654	1
558	654	1
578	654	1
645	654	1
654	654	1
666	654	1
711	654	1
753	654	1
786	654	1
808	654	1
826	654	1
841	654	1
871	654	1
920	654	1
986	654	1
74	655	1
121	655	1
178	655	1
431	655	1
513	655	1
6	656	1
119	656	1
339	656	1
618	656	1
106	657	1
272	657	1
312	657	1
471	657	1
639	657	1
16	658	1
31	658	1
189	658	1
298	658	1
419	658	1
644	658	1
659	658	1
685	658	1
720	658	1
747	658	1
779	658	1
844	658	1
927	658	1
438	659	1
802	659	1
809	659	1
210	661	1
277	661	1
431	661	1
649	661	1
700	661	1
774	661	1
878	661	1
932	661	1
987	661	1
1	662	1
30	662	1
119	662	1
158	662	1
299	662	1
318	662	1
403	662	1
439	662	1
654	662	1
676	662	1
733	662	1
944	662	1
57	665	1
121	665	1
154	665	2
260	665	1
315	665	1
339	665	1
354	665	1
419	665	1
459	665	1
471	665	1
504	665	1
612	665	1
613	665	2
620	665	1
680	665	1
685	665	1
774	665	1
826	665	1
892	665	1
898	665	1
940	665	1
5	666	1
39	666	1
88	666	1
106	666	1
110	666	1
121	666	1
181	666	1
354	666	1
440	666	1
471	666	1
472	666	1
549	666	1
606	666	1
731	666	1
778	666	1
886	666	1
887	666	1
944	666	1
969	666	1
1	669	1
3	669	2
42	669	1
85	669	1
96	669	2
101	669	1
106	669	1
148	669	1
167	669	1
171	669	3
291	669	1
309	669	1
357	669	1
367	669	1
451	669	1
500	669	1
551	669	1
567	669	2
577	669	1
582	669	1
584	669	2
601	669	2
606	669	1
609	669	1
621	669	1
642	669	1
669	669	2
709	669	2
717	669	1
736	669	1
737	669	1
808	669	2
812	669	1
831	669	1
849	669	1
866	669	1
940	669	2
995	669	1
39	670	1
74	670	2
76	670	2
131	670	1
132	670	2
144	670	1
154	670	1
222	670	1
223	670	1
248	670	1
250	670	1
260	670	1
277	670	2
297	670	2
318	670	1
341	670	1
419	670	1
431	670	1
446	670	1
463	670	1
487	670	1
504	670	1
506	670	1
695	670	1
725	670	1
755	670	2
805	670	1
808	670	1
854	670	2
963	670	1
979	670	1
987	670	1
210	671	1
230	671	1
237	671	1
247	671	1
284	671	1
341	671	1
358	671	1
447	671	1
465	671	1
523	671	1
542	671	1
670	671	1
693	671	1
701	671	1
760	671	1
805	671	1
845	671	1
851	671	1
939	671	1
956	671	1
965	671	1
546	673	1
293	674	1
300	674	1
5	675	1
348	675	1
987	675	1
30	676	1
132	676	1
242	676	1
249	676	1
255	676	1
293	676	1
391	676	1
418	676	1
523	676	1
581	676	1
617	676	1
654	676	1
732	676	1
808	676	1
822	676	1
831	676	1
839	676	1
845	676	1
884	676	1
53	678	1
176	678	1
251	678	1
408	678	1
940	679	1
10	680	3
18	680	1
131	680	1
132	680	2
191	680	1
294	680	3
297	680	1
299	680	1
300	680	2
357	680	1
387	680	1
399	680	1
431	680	2
446	680	1
447	680	2
560	680	1
665	680	1
728	680	1
734	680	1
752	680	1
755	680	1
756	680	1
774	680	1
805	680	1
808	680	1
841	680	1
846	680	1
854	680	1
862	680	1
884	680	1
902	680	1
943	680	1
978	680	1
982	680	1
76	682	1
96	682	1
103	682	1
130	682	1
141	682	1
161	682	1
171	682	1
312	682	1
364	682	1
639	682	2
682	682	1
709	682	1
805	682	1
984	682	1
33	683	1
30	685	1
79	685	1
115	685	1
119	685	1
139	685	1
144	685	1
156	685	1
158	685	1
190	685	1
207	685	1
228	685	1
242	685	2
250	685	1
286	685	1
306	685	1
348	685	1
400	685	1
408	685	1
467	685	1
477	685	2
482	685	1
503	685	1
524	685	1
575	685	1
588	685	1
653	685	1
662	685	2
687	685	1
708	685	1
722	685	1
760	685	1
790	685	1
819	685	1
830	685	1
840	685	1
871	685	1
911	685	1
920	685	1
955	685	1
969	685	1
605	686	1
978	686	1
141	687	1
277	687	1
297	687	1
366	687	1
431	687	1
547	687	1
127	688	1
257	688	1
311	688	1
508	688	1
525	688	1
543	688	1
575	688	1
605	688	1
688	688	1
693	688	1
716	688	1
891	688	1
912	688	1
927	688	1
242	689	1
947	689	1
162	690	1
171	690	1
245	690	1
471	690	1
609	690	1
690	690	1
802	690	1
807	690	1
873	690	1
967	690	1
17	692	1
82	692	1
160	692	1
260	692	1
282	692	1
286	692	1
299	692	1
322	692	1
427	692	1
462	692	1
477	692	2
523	692	1
555	692	1
559	692	1
685	692	1
701	692	1
731	692	1
733	692	1
819	692	1
826	692	2
916	692	1
987	692	2
53	693	1
181	693	1
408	693	1
492	693	1
606	693	1
787	693	1
851	693	1
972	693	1
57	694	1
74	694	1
260	694	1
294	694	1
419	694	1
504	694	1
665	694	1
695	694	1
846	694	1
854	694	1
74	695	1
127	695	2
339	695	1
393	695	1
446	695	1
542	695	1
598	695	1
617	695	1
693	695	1
727	695	1
844	695	1
919	695	2
62	696	1
932	696	1
408	697	1
737	697	1
130	698	1
601	698	1
736	698	1
178	700	1
267	700	1
299	700	1
884	700	1
5	701	1
128	701	1
160	701	1
172	701	1
200	701	1
250	701	1
332	701	1
400	701	1
408	701	2
477	701	1
555	701	1
559	701	1
711	701	1
771	701	1
826	701	1
876	701	1
157	702	1
695	702	1
792	702	1
1	704	1
296	704	1
299	704	1
547	704	1
680	704	1
775	704	2
886	704	1
136	706	1
228	706	1
255	706	1
346	706	1
523	706	1
563	706	1
826	706	1
296	707	1
5	708	1
80	708	1
91	708	1
121	708	2
124	708	1
158	708	2
174	708	1
182	708	1
219	708	1
242	708	2
258	708	1
282	708	1
296	708	1
299	708	2
339	708	1
346	708	2
418	708	1
447	708	1
611	708	1
614	708	1
645	708	2
654	708	1
666	708	1
676	708	1
708	708	1
773	708	1
775	708	1
790	708	1
808	708	3
834	708	1
871	708	1
895	708	1
909	708	2
920	708	1
939	708	1
943	708	2
976	708	1
123	709	1
144	709	1
312	709	1
669	709	1
808	709	1
990	709	1
5	711	1
48	711	1
53	711	2
118	711	1
132	711	1
144	711	1
159	711	1
189	711	1
214	711	1
224	711	1
227	711	1
230	711	2
255	711	1
259	711	1
325	711	1
341	711	1
423	711	1
462	711	1
478	711	1
518	711	2
555	711	1
567	711	1
575	711	1
609	711	1
612	711	1
623	711	1
654	711	1
665	711	1
711	711	1
714	711	1
733	711	1
752	711	1
753	711	2
760	711	1
771	711	1
775	711	2
823	711	1
826	711	3
987	711	1
78	714	1
411	714	1
507	714	1
969	714	1
688	716	1
696	716	1
899	716	1
277	717	1
309	717	2
440	717	1
636	717	1
682	717	1
940	717	1
349	719	1
708	719	1
189	720	1
343	720	1
380	720	1
989	720	1
11	721	1
321	721	1
601	721	1
658	721	1
766	721	1
811	721	1
907	721	1
53	722	1
96	722	2
119	722	1
125	722	1
148	722	2
161	722	1
189	722	2
225	722	1
284	722	1
291	722	1
297	722	1
308	722	1
318	722	1
372	722	1
427	722	1
477	722	1
516	722	1
518	722	1
567	722	1
577	722	1
580	722	1
701	722	1
731	722	1
768	722	1
771	722	1
773	722	1
790	722	1
791	722	1
802	722	1
814	722	1
823	722	1
855	722	2
979	722	1
222	724	1
286	724	1
449	724	1
826	724	1
35	725	1
57	725	1
132	725	1
210	725	1
240	725	1
260	725	1
272	725	1
277	725	1
378	725	1
419	725	1
431	725	2
447	725	2
459	725	1
590	725	1
725	725	1
854	725	1
898	725	1
31	726	1
117	726	1
132	726	1
249	726	2
346	726	1
381	726	1
418	726	1
420	726	1
506	726	1
755	726	1
822	726	1
1	727	1
55	727	1
189	727	1
907	727	1
10	728	2
22	728	1
51	728	1
74	728	2
108	728	1
127	728	1
132	728	1
158	728	2
178	728	1
185	728	1
260	728	1
274	728	1
277	728	1
286	728	1
297	728	1
299	728	1
318	728	1
419	728	1
427	728	1
463	728	1
487	728	1
504	728	1
560	728	1
685	728	1
725	728	1
760	728	1
773	728	1
775	728	1
841	728	2
844	728	1
876	728	1
944	728	1
993	728	1
1000	728	1
325	729	1
940	729	1
76	730	1
1	731	3
53	731	1
116	731	1
152	731	1
159	731	2
180	731	1
183	731	1
201	731	1
219	731	1
230	731	1
237	731	1
242	731	1
244	731	1
274	731	1
282	731	2
284	731	1
299	731	1
355	731	1
381	731	1
411	731	1
418	731	1
419	731	1
427	731	1
440	731	1
446	731	1
484	731	1
518	731	1
526	731	1
558	731	1
567	731	2
570	731	1
575	731	2
578	731	1
590	731	1
612	731	1
662	731	1
685	731	1
731	731	1
732	731	1
791	731	1
826	731	1
845	731	1
871	731	1
909	731	1
920	731	1
938	731	1
987	731	1
79	732	1
207	732	1
503	732	1
544	732	1
645	732	1
731	732	1
871	732	1
889	732	1
919	732	1
106	733	1
110	733	1
121	733	1
237	733	1
242	733	1
364	733	1
447	733	1
565	733	1
578	733	1
814	733	1
974	733	1
16	734	1
74	734	4
121	734	1
191	734	1
210	734	1
274	734	2
277	734	2
318	734	1
354	734	1
446	734	1
590	734	3
612	734	1
762	734	1
781	734	1
854	734	1
906	734	1
974	734	1
987	734	1
1000	734	1
87	735	1
431	735	1
539	735	1
590	735	1
612	735	1
680	735	1
774	735	1
815	735	1
878	735	2
968	735	1
577	736	1
584	736	1
601	736	1
639	736	1
669	736	1
828	736	1
874	736	2
11	737	1
39	737	1
108	737	1
121	737	1
189	737	1
190	737	1
242	737	1
418	737	1
626	737	1
756	737	1
779	737	1
801	737	1
808	737	1
822	737	1
886	737	1
919	737	1
975	737	1
986	737	1
381	739	1
427	739	1
484	739	1
523	739	1
635	739	1
318	740	1
467	740	1
826	740	1
845	740	1
305	741	1
722	741	1
132	743	1
670	743	1
755	743	1
53	745	1
91	745	1
132	745	1
235	745	1
564	745	1
911	745	1
927	745	1
819	748	1
91	749	1
235	749	1
523	749	1
614	749	1
666	749	1
832	749	1
888	749	1
14	750	1
74	750	1
249	750	1
431	750	1
651	750	1
159	752	1
291	752	1
446	752	1
518	752	1
568	752	1
849	752	1
53	753	1
79	753	2
116	753	1
119	753	1
121	753	1
152	753	1
158	753	1
159	753	1
224	753	1
244	753	1
284	753	1
305	753	1
350	753	1
402	753	1
444	753	1
524	753	1
543	753	1
555	753	1
556	753	1
596	753	1
613	753	1
635	753	1
645	753	1
711	753	1
733	753	1
753	753	1
771	753	1
779	753	1
823	753	1
826	753	3
858	753	1
920	753	1
10	755	2
66	755	1
74	755	5
131	755	3
132	755	3
154	755	1
178	755	1
223	755	1
260	755	1
274	755	1
277	755	2
297	755	1
431	755	3
438	755	1
441	755	1
442	755	1
446	755	2
447	755	1
487	755	1
588	755	1
661	755	1
670	755	1
682	755	1
722	755	1
725	755	1
734	755	1
735	755	1
755	755	1
756	755	1
762	755	2
789	755	1
808	755	1
854	755	1
878	755	2
963	755	1
989	755	2
991	755	1
74	756	1
104	756	1
132	756	3
144	756	1
197	756	1
199	756	1
277	756	1
281	756	1
294	756	1
318	756	2
380	756	1
431	756	1
588	756	1
606	756	1
612	756	1
671	756	1
727	756	1
773	756	1
775	756	1
792	756	1
854	756	2
855	756	1
884	756	1
688	757	1
33	759	1
53	759	1
66	759	1
129	759	1
132	759	1
229	759	1
282	759	1
286	759	1
477	759	1
492	759	1
555	759	1
654	759	1
979	759	1
5	760	1
6	760	1
31	760	2
108	760	1
117	760	1
159	760	1
237	760	1
242	760	1
274	760	1
349	760	1
396	760	1
418	760	1
496	760	1
583	760	1
612	760	1
676	760	1
832	760	1
1000	760	1
11	762	1
35	762	1
67	762	1
112	762	1
125	762	1
229	762	1
243	762	1
309	762	1
431	762	1
447	762	1
539	762	1
588	762	1
620	762	1
680	762	1
755	762	1
762	762	1
793	762	1
805	762	1
808	762	1
884	762	1
892	762	1
898	762	1
242	763	1
255	763	1
418	763	1
496	763	1
654	763	1
845	763	1
1	764	1
438	764	1
737	764	1
614	765	1
939	765	1
235	766	1
506	766	1
577	766	1
671	766	1
725	766	1
764	766	1
846	766	1
863	766	1
148	768	1
255	768	1
305	768	1
332	768	2
341	768	1
478	768	1
575	768	1
607	768	1
88	769	1
439	769	1
478	769	1
943	769	1
659	770	1
821	770	1
855	770	1
53	771	1
132	771	2
148	771	1
159	771	1
224	771	1
228	771	1
230	771	1
282	771	1
284	771	1
286	771	2
302	771	1
360	771	1
405	771	1
425	771	1
426	771	1
449	771	1
510	771	1
518	771	1
555	771	1
575	771	2
591	771	1
641	771	1
647	771	1
692	771	1
731	771	2
771	771	1
773	771	1
815	771	1
823	771	4
826	771	1
839	771	1
868	771	2
876	771	2
907	771	1
924	771	1
955	771	1
969	771	1
16	773	1
108	773	1
151	773	1
189	773	2
242	773	1
322	773	1
341	773	1
381	773	1
447	773	1
526	773	1
577	773	1
613	773	1
645	773	1
671	773	1
731	773	1
737	773	1
760	773	2
789	773	1
814	773	1
844	773	1
871	773	1
899	773	1
963	773	1
987	773	1
10	774	1
79	774	1
113	774	1
242	774	1
274	774	1
277	774	1
318	774	1
346	774	1
380	774	1
399	774	1
419	774	2
446	774	1
644	774	1
755	774	2
762	774	1
854	774	2
870	774	1
878	774	1
960	774	1
989	774	1
5	775	1
6	775	1
10	775	1
69	775	1
76	775	1
79	775	1
88	775	1
110	775	1
121	775	1
158	775	2
164	775	1
207	775	1
210	775	1
219	775	1
242	775	2
249	775	2
250	775	1
264	775	1
276	775	1
299	775	2
301	775	1
309	775	1
332	775	1
339	775	2
348	775	1
381	775	1
427	775	1
438	775	1
506	775	1
523	775	2
578	775	2
596	775	1
606	775	1
645	775	1
704	775	1
722	775	1
728	775	1
737	775	1
750	775	1
775	775	2
779	775	1
799	775	1
818	775	1
826	775	1
832	775	1
840	775	1
841	775	1
886	775	1
919	775	1
920	775	1
950	775	1
969	775	1
575	776	1
76	778	1
96	778	1
121	778	1
298	778	1
312	778	1
317	778	1
348	778	1
367	778	1
393	778	1
447	778	1
606	778	1
609	778	2
682	778	1
808	778	1
876	778	1
5	779	2
78	779	1
127	779	1
158	779	1
226	779	1
235	779	1
307	779	1
329	779	1
396	779	1
399	779	1
408	779	1
438	779	1
506	779	1
510	779	1
598	779	1
605	779	1
621	779	1
649	779	1
659	779	1
695	779	1
708	779	1
714	779	1
721	779	1
726	779	1
751	779	1
779	779	1
798	779	1
807	779	1
831	779	1
846	779	1
972	779	1
975	779	1
53	780	1
128	780	1
711	780	1
775	780	1
844	780	1
129	781	1
325	781	1
446	781	1
506	781	1
588	781	1
461	782	1
711	782	1
819	782	1
826	782	1
935	782	1
727	783	1
756	783	1
87	785	1
108	785	1
182	785	1
399	785	1
598	785	1
645	785	1
693	785	1
778	785	1
851	785	1
903	785	1
1	786	1
882	786	1
298	787	1
436	787	1
759	788	1
74	789	1
154	789	1
294	789	1
297	789	1
309	789	1
487	789	1
504	789	1
508	789	1
575	789	1
620	789	1
671	789	1
808	789	1
878	789	1
974	789	1
200	790	1
356	790	1
364	790	1
382	790	1
412	790	1
478	790	1
563	790	1
823	790	1
826	790	1
851	790	1
928	790	1
44	791	1
53	791	1
305	791	1
473	791	1
518	791	1
555	791	1
567	791	1
621	791	1
635	791	1
10	792	1
237	792	1
39	793	1
609	793	1
805	793	1
849	793	1
866	793	2
282	794	1
305	794	1
112	797	1
471	797	1
992	797	1
89	798	1
189	798	1
217	798	1
296	798	1
305	798	1
496	798	1
609	798	1
659	798	1
669	798	1
695	798	1
721	798	1
737	798	1
756	798	1
775	798	1
779	798	1
891	798	1
10	799	2
23	799	1
50	799	1
57	799	1
74	799	2
96	799	1
210	799	3
224	799	1
298	799	1
304	799	1
318	799	1
413	799	1
463	799	1
504	799	1
509	799	1
590	799	3
601	799	1
620	799	1
680	799	1
728	799	1
789	799	1
808	799	1
969	799	1
995	799	1
446	801	1
427	802	1
620	802	1
826	802	1
956	802	1
974	802	1
96	803	1
318	803	1
542	803	1
687	803	1
725	803	1
555	804	1
34	805	1
57	805	1
74	805	2
133	805	1
154	805	1
210	805	1
378	805	1
412	805	1
419	805	1
490	805	1
513	805	1
612	805	1
637	805	1
670	805	1
694	805	1
756	805	1
805	805	1
816	805	1
847	805	1
876	805	1
878	805	1
898	805	1
932	805	1
974	805	1
74	806	1
318	806	1
523	806	1
85	807	1
207	807	1
355	807	1
737	807	1
866	807	1
922	807	1
69	808	1
70	808	1
76	808	1
77	808	1
88	808	1
101	808	1
112	808	1
113	808	1
115	808	1
125	808	1
127	808	1
148	808	2
207	808	1
217	808	1
260	808	1
277	808	4
282	808	1
309	808	1
341	808	1
357	808	1
358	808	3
386	808	1
402	808	1
405	808	2
419	808	1
423	808	1
431	808	3
433	808	1
440	808	2
446	808	4
447	808	1
477	808	2
484	808	1
504	808	1
509	808	1
510	808	1
556	808	1
591	808	1
605	808	1
613	808	1
647	808	1
660	808	1
661	808	1
670	808	1
676	808	1
680	808	1
682	808	1
690	808	1
708	808	1
711	808	1
725	808	1
733	808	1
802	808	1
805	808	1
808	808	1
840	808	1
841	808	1
866	808	1
868	808	1
924	808	1
944	808	1
950	808	1
956	808	1
963	808	1
974	808	1
987	808	2
76	809	1
171	809	1
265	809	1
551	809	1
774	809	1
189	810	1
826	810	1
539	811	1
171	812	1
281	812	1
291	812	1
562	812	1
582	812	1
609	812	1
808	812	2
812	812	1
826	812	1
833	812	1
835	812	1
936	812	1
945	812	1
555	813	1
609	813	1
823	813	1
199	814	1
260	814	1
396	814	1
440	814	1
481	814	1
523	814	1
530	814	1
544	814	1
590	814	1
614	814	1
708	814	1
844	814	1
947	814	1
132	815	2
274	815	1
282	815	1
291	815	1
378	815	1
412	815	1
442	815	1
645	815	1
826	815	1
831	815	1
967	815	1
974	815	1
144	816	1
158	816	1
300	816	1
387	816	1
431	816	1
518	816	1
623	816	1
641	816	1
670	816	1
898	816	1
159	817	1
332	817	1
341	817	1
383	817	1
511	817	1
711	817	1
307	818	1
482	818	1
53	819	1
116	819	1
138	819	1
147	819	1
159	819	1
224	819	1
282	819	1
306	819	1
408	819	1
462	819	1
510	819	1
711	819	1
773	819	1
813	819	1
823	819	1
826	819	1
955	819	1
958	819	1
968	819	1
113	821	1
199	821	1
260	821	1
382	821	1
581	821	1
680	821	1
755	821	1
770	821	1
207	822	1
299	822	1
351	822	1
403	822	1
675	822	1
722	822	1
743	822	1
745	822	1
808	822	1
841	822	1
950	822	1
17	823	1
33	823	1
53	823	1
115	823	2
139	823	1
160	823	1
190	823	1
227	823	1
228	823	1
255	823	1
260	823	1
284	823	1
286	823	1
305	823	1
329	823	1
332	823	1
360	823	2
364	823	1
400	823	1
408	823	2
412	823	1
475	823	1
477	823	1
502	823	1
510	823	1
612	823	1
653	823	1
701	823	1
711	823	1
731	823	1
769	823	1
771	823	1
791	823	1
808	823	1
819	823	1
823	823	1
826	823	3
968	823	1
260	824	1
465	824	1
504	824	1
5	826	1
53	826	2
61	826	1
65	826	1
115	826	3
119	826	2
125	826	1
148	826	1
160	826	1
189	826	2
201	826	1
219	826	1
228	826	1
260	826	1
265	826	1
282	826	3
283	826	1
284	826	1
286	826	3
293	826	1
306	826	1
329	826	1
332	826	1
356	826	1
408	826	1
422	826	1
423	826	1
427	826	2
432	826	1
452	826	2
462	826	1
473	826	1
477	826	3
478	826	1
484	826	1
500	826	1
546	826	1
555	826	1
556	826	1
559	826	3
567	826	1
568	826	1
575	826	2
580	826	1
629	826	1
639	826	1
641	826	1
654	826	1
692	826	1
711	826	2
722	826	1
731	826	1
741	826	1
808	826	1
823	826	1
826	826	5
907	826	1
955	826	1
956	826	1
959	826	1
969	826	1
974	826	1
96	827	1
412	827	1
507	827	1
294	828	1
212	829	1
58	830	1
91	830	1
182	830	1
322	830	1
380	830	1
439	830	1
645	830	2
779	830	1
899	830	1
939	830	1
963	830	1
966	830	1
1	831	1
125	831	1
271	831	1
276	831	1
289	831	1
298	831	1
620	831	1
669	831	2
751	831	1
855	831	1
919	831	1
941	831	1
110	832	1
119	832	2
120	832	1
221	832	1
249	832	1
250	832	1
257	832	1
274	832	1
311	832	1
339	832	1
418	832	2
445	832	1
447	832	1
596	832	1
685	832	2
704	832	1
760	832	1
773	832	1
871	832	1
886	832	1
923	832	1
950	832	1
701	834	1
919	834	1
923	834	1
133	835	1
281	835	1
695	835	1
951	835	1
309	836	1
669	836	1
281	837	1
601	837	1
606	837	2
381	839	1
886	839	1
919	839	1
920	839	2
966	839	1
1	840	2
110	840	2
121	840	1
156	840	1
214	840	1
221	840	1
235	840	1
274	840	1
299	840	2
301	840	1
318	840	1
418	840	1
440	840	1
523	840	1
570	840	1
651	840	1
708	840	1
773	840	1
840	840	1
886	840	1
899	840	1
947	840	1
1	841	2
11	841	1
16	841	1
22	841	1
31	841	2
58	841	1
69	841	2
74	841	1
79	841	1
116	841	1
121	841	1
132	841	1
154	841	2
156	841	1
182	841	2
210	841	1
222	841	1
226	841	1
237	841	1
242	841	1
247	841	1
249	841	1
256	841	1
260	841	1
269	841	2
277	841	1
294	841	1
299	841	1
322	841	1
339	841	1
346	841	1
381	841	1
387	841	1
418	841	1
421	841	1
431	841	1
442	841	1
487	841	1
523	841	2
578	841	1
588	841	1
590	841	1
645	841	1
647	841	1
685	841	1
692	841	1
711	841	1
728	841	1
733	841	2
737	841	1
760	841	1
773	841	1
775	841	1
840	841	1
841	841	2
871	841	2
886	841	1
887	841	1
889	841	1
909	841	1
920	841	1
987	841	2
189	842	1
271	842	1
386	842	1
519	842	1
551	842	1
584	842	1
96	843	1
123	843	1
241	843	1
272	843	1
405	843	1
412	843	1
440	843	1
601	843	1
609	843	1
669	843	1
793	843	1
797	843	1
809	843	1
866	843	1
10	844	1
66	844	2
74	844	3
117	844	1
121	844	1
131	844	1
132	844	1
180	844	1
210	844	1
230	844	1
255	844	1
277	844	3
293	844	1
294	844	2
297	844	1
302	844	1
305	844	1
354	844	1
357	844	1
364	844	1
387	844	1
411	844	1
419	844	1
420	844	1
426	844	1
431	844	2
443	844	1
447	844	2
463	844	1
481	844	1
544	844	1
571	844	1
637	844	1
655	844	1
781	844	2
789	844	1
805	844	1
844	844	1
854	844	1
898	844	1
932	844	1
944	844	1
969	844	1
974	844	1
979	844	1
987	844	1
5	845	1
31	845	2
119	845	1
132	845	1
139	845	1
144	845	1
158	845	1
207	845	1
227	845	1
237	845	1
260	845	1
405	845	1
431	845	1
447	845	1
496	845	1
523	845	1
526	845	1
570	845	1
577	845	1
578	845	2
708	845	1
731	845	1
773	845	1
871	845	1
919	845	1
933	845	1
939	845	1
944	845	1
947	845	1
987	845	1
74	846	1
125	846	1
148	846	1
189	846	1
212	846	1
224	846	1
260	846	1
305	846	1
329	846	1
419	846	2
605	846	1
837	846	1
845	846	1
858	846	1
941	846	1
106	847	1
405	847	1
669	847	1
1	849	2
55	849	1
123	849	1
171	849	1
177	849	1
187	849	1
189	849	1
271	849	1
291	849	1
405	849	1
478	849	1
518	849	1
577	849	1
645	849	1
669	849	1
682	849	1
808	849	1
866	849	1
995	849	1
47	851	1
127	851	1
189	851	1
298	851	1
319	851	1
542	851	1
770	851	1
785	851	1
941	851	1
975	851	1
271	852	1
298	852	1
471	852	1
518	852	1
609	852	1
642	852	1
717	852	1
797	852	1
808	852	1
131	853	1
412	853	1
645	853	1
10	854	2
57	854	1
74	854	2
79	854	1
113	854	1
131	854	1
132	854	4
141	854	1
181	854	1
191	854	1
236	854	1
247	854	1
260	854	2
277	854	1
286	854	1
318	854	4
341	854	3
354	854	1
357	854	1
419	854	2
431	854	3
446	854	1
463	854	1
465	854	1
470	854	1
509	854	1
513	854	1
526	854	1
542	854	1
587	854	1
588	854	2
610	854	1
612	854	1
665	854	1
682	854	1
694	854	2
725	854	2
728	854	1
734	854	1
755	854	2
759	854	1
762	854	1
773	854	1
805	854	1
841	854	1
844	854	1
846	854	1
854	854	1
876	854	1
878	854	1
881	854	1
884	854	2
895	854	1
906	854	1
963	854	1
987	854	2
989	854	1
1000	854	1
6	855	1
55	855	1
167	855	1
263	855	1
389	855	1
440	855	1
521	855	1
567	855	1
636	855	1
809	855	1
849	855	1
874	855	1
940	855	1
975	855	1
1	857	1
237	858	1
343	858	1
381	858	1
418	858	1
543	858	1
596	858	1
605	858	1
645	858	2
773	858	1
841	858	1
871	858	1
886	858	1
941	858	1
542	860	1
678	860	1
417	862	1
884	862	1
53	863	1
118	863	1
189	863	1
322	863	1
477	863	1
478	863	1
513	863	1
694	863	1
944	863	1
427	865	1
35	866	1
74	866	1
171	866	1
271	866	2
276	866	1
277	866	1
380	866	1
606	866	1
614	866	1
669	866	1
709	866	1
854	866	1
992	866	1
69	867	1
228	867	1
260	867	1
283	867	1
563	867	1
722	867	1
753	867	1
189	868	1
230	868	1
377	868	1
440	868	1
771	868	1
807	868	1
851	868	1
58	871	1
91	871	1
119	871	1
132	871	1
136	871	1
144	871	1
201	871	1
221	871	2
237	871	2
242	871	2
250	871	1
257	871	1
274	871	1
276	871	1
299	871	1
339	871	1
381	871	1
396	871	1
447	871	1
481	871	1
523	871	2
561	871	1
578	871	1
614	871	2
647	871	1
654	871	1
676	871	1
685	871	1
726	871	1
775	871	1
840	871	1
845	871	2
871	871	1
886	871	1
917	871	1
237	872	1
16	873	1
91	873	1
571	873	1
656	873	1
669	873	1
799	873	1
855	873	1
882	873	1
1	874	1
39	874	1
88	874	1
377	874	1
405	874	1
606	874	1
13	876	1
132	876	2
144	876	1
154	876	1
159	876	1
199	876	1
286	876	1
332	876	1
366	876	1
387	876	1
405	876	1
426	876	1
431	876	1
441	876	1
478	876	1
518	876	1
555	876	1
588	876	1
601	876	1
613	876	1
808	876	1
826	876	1
844	876	1
906	876	1
993	876	1
277	877	1
431	877	1
590	877	1
609	877	1
725	877	1
756	877	1
799	877	1
805	877	1
808	877	1
876	877	2
10	878	2
48	878	1
74	878	1
76	878	1
79	878	1
121	878	1
129	878	1
131	878	1
132	878	4
141	878	1
144	878	1
154	878	2
178	878	1
185	878	1
191	878	1
223	878	1
255	878	1
272	878	1
277	878	2
282	878	1
286	878	1
318	878	1
358	878	1
413	878	1
419	878	1
431	878	2
447	878	1
459	878	1
504	878	1
508	878	1
553	878	1
583	878	1
637	878	1
666	878	1
680	878	1
681	878	1
695	878	1
701	878	1
728	878	3
731	878	2
734	878	2
735	878	1
808	878	1
844	878	1
854	878	3
884	878	3
898	878	1
905	878	1
948	878	1
956	878	1
989	878	1
487	880	1
987	880	1
446	881	1
242	882	1
299	882	1
418	882	1
447	882	1
507	882	1
645	882	1
966	882	1
286	883	1
39	884	1
57	884	1
103	884	1
113	884	1
121	884	1
191	884	1
223	884	1
241	884	1
277	884	1
357	884	1
386	884	1
391	884	1
413	884	1
431	884	2
446	884	1
509	884	1
542	884	1
590	884	1
680	884	1
695	884	1
700	884	1
762	884	1
793	884	2
841	884	1
854	884	4
877	884	1
892	884	1
893	884	1
898	884	1
987	884	1
989	884	1
5	886	1
28	886	1
58	886	2
70	886	1
79	886	2
110	886	1
119	886	1
121	886	1
132	886	1
136	886	1
144	886	1
156	886	1
214	886	2
222	886	1
237	886	1
242	886	2
249	886	1
256	886	1
269	886	1
299	886	1
301	886	1
348	886	2
360	886	1
365	886	1
387	886	1
396	886	1
508	886	1
523	886	1
555	886	1
571	886	1
578	886	1
616	886	1
676	886	2
760	886	1
845	886	1
899	886	1
903	886	1
947	886	1
984	886	1
403	887	1
439	887	1
440	887	1
523	887	1
570	887	1
578	887	1
587	887	1
795	887	1
841	887	1
523	888	1
577	888	1
939	888	1
9	889	1
119	889	1
132	889	1
174	889	1
237	889	1
348	889	1
352	889	1
393	889	1
481	889	1
523	889	2
841	889	1
11	891	1
28	891	1
189	891	2
305	891	1
310	891	1
393	891	1
695	891	1
756	891	1
851	891	1
989	891	1
66	892	1
132	892	1
144	892	1
217	892	1
222	892	1
274	892	1
297	892	1
339	892	1
341	892	1
431	892	1
508	892	1
554	892	1
725	892	1
728	892	1
759	892	1
762	892	1
805	892	1
876	892	1
932	892	1
960	892	1
10	893	1
74	893	1
104	893	1
131	893	1
154	893	1
318	893	1
357	893	1
412	893	1
447	893	1
463	893	1
933	893	1
199	894	1
446	894	1
526	894	1
31	895	1
212	895	1
227	895	1
242	895	1
249	895	1
309	895	1
427	895	1
523	895	1
127	897	1
132	897	1
297	897	1
805	897	1
909	897	1
987	897	1
57	898	1
132	898	3
199	898	1
248	898	1
254	898	1
260	898	1
274	898	2
277	898	2
289	898	1
293	898	1
297	898	1
341	898	1
357	898	1
431	898	2
446	898	2
447	898	1
487	898	1
542	898	1
590	898	1
613	898	1
622	898	1
661	898	2
670	898	1
695	898	1
722	898	1
728	898	1
755	898	2
760	898	1
762	898	1
803	898	1
805	898	1
844	898	1
851	898	1
854	898	1
877	898	1
878	898	1
892	898	1
898	898	1
963	898	1
974	898	1
62	899	1
79	899	2
132	899	1
276	899	1
328	899	1
335	899	1
348	899	1
381	899	2
427	899	1
440	899	1
496	899	1
523	899	1
578	899	2
830	899	2
938	899	1
154	902	1
399	902	1
555	902	1
79	903	1
182	903	2
317	903	1
666	904	1
57	905	1
620	905	1
805	905	1
10	906	1
74	906	1
76	906	1
164	906	1
185	906	1
197	906	1
403	906	1
447	906	1
465	906	1
509	906	1
613	906	1
808	906	1
854	906	1
878	906	1
987	906	1
249	907	1
298	907	1
424	907	1
558	907	1
701	907	1
704	907	1
716	907	1
720	907	1
721	907	1
826	907	1
725	908	1
755	908	1
808	908	1
249	909	1
277	909	1
419	909	1
427	909	1
481	909	1
832	909	1
893	909	1
944	909	1
23	911	1
78	911	1
79	911	1
119	911	1
407	911	1
708	911	1
871	911	1
886	911	1
972	911	1
133	912	1
325	912	1
298	913	1
492	913	1
605	913	1
115	916	1
138	916	1
159	916	1
219	916	1
286	916	1
305	916	2
310	916	1
411	916	1
477	916	1
498	916	1
563	916	1
759	916	1
819	916	1
823	916	1
844	916	1
863	916	1
944	916	1
119	917	1
299	917	1
386	917	1
564	917	1
708	917	1
834	917	1
675	918	1
578	919	1
644	919	1
645	919	1
653	919	1
749	919	1
763	919	1
778	919	1
832	919	1
834	919	1
845	919	1
871	919	1
886	919	1
920	919	1
1	920	1
12	920	1
74	920	1
78	920	1
110	920	1
119	920	1
242	920	1
293	920	2
334	920	1
343	920	1
439	920	2
496	920	1
523	920	1
571	920	1
645	920	1
658	920	1
685	920	1
704	920	1
766	920	1
775	920	1
814	920	1
917	920	1
504	922	1
567	922	1
606	922	1
31	923	1
207	923	1
235	923	1
256	923	1
558	923	1
685	923	1
841	923	1
944	923	1
427	924	1
731	924	1
14	927	1
281	927	1
487	927	1
521	927	1
632	927	1
659	927	1
737	927	1
775	927	1
159	928	1
282	928	1
412	928	1
575	928	1
692	928	1
74	932	2
132	932	1
277	932	1
297	932	1
317	932	1
332	932	1
431	932	1
447	932	1
507	932	1
542	932	1
590	932	1
661	932	1
670	932	1
823	932	1
854	932	1
878	932	1
944	932	2
1	933	1
465	933	1
11	935	1
118	935	1
119	935	1
128	935	1
189	935	1
207	935	1
283	935	1
364	935	1
402	935	1
422	935	1
452	935	1
478	935	1
502	935	1
823	935	1
868	935	1
37	936	1
71	936	1
140	936	1
251	936	1
271	936	1
427	936	1
500	936	1
567	936	1
606	936	1
639	936	1
759	936	1
927	936	1
940	936	1
988	936	1
842	937	1
132	938	1
299	938	3
381	938	1
439	938	1
578	938	1
645	938	1
662	938	1
704	938	1
749	938	1
775	938	1
832	938	2
882	938	1
939	938	1
966	938	1
974	938	1
119	939	1
242	939	1
274	939	1
381	939	1
396	939	1
421	939	1
439	939	1
440	939	1
443	939	1
503	939	1
508	939	1
558	939	1
614	939	1
645	939	1
760	939	1
779	939	1
785	939	2
798	939	1
814	939	1
822	939	1
834	939	1
838	939	1
840	939	1
841	939	1
895	939	1
909	939	1
919	939	1
939	939	1
944	939	1
85	940	1
88	940	1
96	940	1
217	940	1
312	940	1
375	940	1
386	940	1
416	940	1
427	940	1
450	940	1
500	940	1
601	940	1
606	940	1
609	940	1
614	940	1
682	940	1
722	940	1
775	940	1
778	940	1
799	940	1
803	940	1
866	940	1
219	941	1
508	941	1
601	941	1
798	941	1
913	941	1
171	942	1
808	942	1
959	942	1
87	943	1
89	943	1
132	943	1
391	943	1
492	943	1
503	943	1
722	943	1
841	943	1
1	944	1
39	944	1
44	944	1
58	944	1
79	944	2
80	944	1
121	944	1
156	944	1
159	944	1
228	944	1
237	944	1
249	944	1
274	944	1
276	944	1
277	944	1
299	944	1
309	944	1
341	944	1
412	944	2
419	944	1
427	944	1
431	944	1
442	944	1
449	944	1
519	944	1
526	944	1
644	944	1
645	944	1
654	944	2
665	944	1
666	944	1
714	944	1
740	944	1
773	944	1
775	944	1
781	944	1
789	944	1
791	944	1
841	944	2
854	944	1
876	944	1
898	944	1
903	944	1
916	944	1
944	944	1
950	944	1
979	944	1
987	944	1
519	945	1
620	945	1
847	945	1
1000	945	1
680	946	1
158	947	1
224	947	1
242	947	1
247	947	1
249	947	2
276	947	1
299	947	1
349	947	1
421	947	1
540	947	1
726	947	1
773	947	1
840	947	1
899	947	1
959	947	2
159	948	1
286	948	1
298	948	1
364	948	1
575	948	1
773	948	1
940	948	1
12	950	1
25	950	1
89	950	1
91	950	1
132	950	1
139	950	1
242	950	1
257	950	1
274	950	1
346	950	1
447	950	1
651	950	1
708	950	1
771	950	1
845	950	1
871	950	1
506	951	1
510	951	1
614	953	1
356	955	1
518	955	1
541	955	1
759	955	1
823	955	1
969	955	1
33	956	1
117	956	1
139	956	1
148	956	1
159	956	1
207	956	1
228	956	1
282	956	1
341	956	1
412	956	1
427	956	1
433	956	1
507	956	1
563	956	1
635	956	1
701	956	1
711	956	1
722	956	1
773	956	1
775	956	1
826	956	1
230	958	1
452	958	1
653	958	1
969	958	1
207	959	1
226	959	1
567	959	1
753	959	1
868	959	1
10	960	1
22	960	1
277	960	1
364	960	1
412	960	1
419	960	1
431	960	1
542	960	1
590	960	1
797	960	1
805	960	1
808	960	1
16	963	1
121	963	2
132	963	1
248	963	2
325	963	1
356	963	1
728	963	1
756	963	1
854	963	1
898	963	1
992	963	1
1	964	1
121	965	1
554	965	1
755	965	1
845	965	1
258	966	1
276	966	1
279	966	2
375	966	1
482	966	1
523	966	1
601	966	1
620	966	1
662	966	1
731	966	1
733	966	1
749	966	1
840	966	2
883	966	1
920	966	2
982	966	1
112	967	1
189	967	1
251	967	1
601	967	1
636	967	1
682	967	1
835	967	1
919	967	1
115	968	1
118	968	1
128	968	1
159	968	2
241	968	1
291	968	1
305	968	1
512	968	1
575	968	1
582	968	1
635	968	1
641	968	1
722	968	1
65	969	1
82	969	1
92	969	1
118	969	1
148	969	1
189	969	1
230	969	1
271	969	1
293	969	1
295	969	1
309	969	1
325	969	1
366	969	1
376	969	1
400	969	2
402	969	1
408	969	1
423	969	2
472	969	1
473	969	1
477	969	2
511	969	1
524	969	1
613	969	1
692	969	1
707	969	1
773	969	1
808	969	1
823	969	1
843	969	1
849	969	1
956	969	1
298	971	1
584	971	1
1	972	1
127	972	1
329	972	1
382	972	2
424	972	1
542	972	1
621	972	1
757	972	1
831	972	1
868	972	1
927	972	1
941	972	1
972	972	1
5	974	1
11	974	1
74	974	1
83	974	1
119	974	1
131	974	1
144	974	1
189	974	1
210	974	1
219	974	1
228	974	1
277	974	1
282	974	1
335	974	1
357	974	1
360	974	1
405	974	1
419	974	1
423	974	1
431	974	1
447	974	1
478	974	1
503	974	1
510	974	1
511	974	1
526	974	1
580	974	1
643	974	1
756	974	1
790	974	1
799	974	1
808	974	1
823	974	1
826	974	2
906	974	1
907	974	1
974	974	1
251	975	1
294	975	1
408	975	1
420	975	1
506	975	1
605	975	1
770	975	1
801	975	1
809	975	1
920	975	1
972	975	1
76	976	1
357	976	1
590	976	1
644	976	1
645	976	1
805	976	1
876	976	1
878	976	1
932	976	2
939	976	1
133	977	1
11	978	1
41	978	1
148	978	1
364	978	1
427	978	1
518	978	1
606	978	1
711	978	1
741	978	1
775	978	1
808	978	1
132	979	1
238	979	1
297	979	1
318	979	1
358	979	1
415	979	1
554	979	1
671	979	1
755	979	2
844	979	1
974	979	1
57	982	1
132	982	1
237	982	1
318	982	1
328	982	1
446	982	1
722	982	1
725	982	1
775	982	1
103	984	1
389	984	1
778	984	1
871	984	1
909	984	1
967	984	1
979	984	1
1	986	1
34	986	1
79	986	2
159	986	1
182	986	1
219	986	1
221	986	2
276	986	1
299	986	2
348	986	1
439	986	1
523	986	1
645	986	1
706	986	1
871	986	1
14	987	1
34	987	1
53	987	1
124	987	1
132	987	1
155	987	1
178	987	1
187	987	1
260	987	1
274	987	1
282	987	1
294	987	1
310	987	1
318	987	1
341	987	1
360	987	1
399	987	1
403	987	1
411	987	1
417	987	1
419	987	2
446	987	1
447	987	1
504	987	1
509	987	1
513	987	3
543	987	1
555	987	1
575	987	1
590	987	2
612	987	1
641	987	1
655	987	1
661	987	1
670	987	2
680	987	1
762	987	1
774	987	1
781	987	2
819	987	1
830	987	1
841	987	1
876	987	1
884	987	2
898	987	1
963	987	1
976	987	1
171	988	1
10	989	1
57	989	1
74	989	1
141	989	1
148	989	1
158	989	1
210	989	1
260	989	2
267	989	1
294	989	1
357	989	1
399	989	1
415	989	1
431	989	1
446	989	1
507	989	1
587	989	1
632	989	1
695	989	1
731	989	1
756	989	1
781	989	1
816	989	1
878	989	1
884	989	1
3	990	1
291	990	1
318	990	1
481	990	1
673	990	1
797	990	1
874	990	1
984	990	1
247	991	1
106	992	1
132	992	1
236	992	1
240	992	1
242	992	1
294	992	1
405	992	1
440	992	1
533	992	1
778	992	1
808	992	1
812	992	1
831	992	1
911	992	1
210	993	1
277	993	1
419	993	1
431	993	1
878	993	1
578	994	1
55	995	1
96	995	1
106	995	1
133	995	1
162	995	1
271	995	1
312	995	1
325	995	1
518	995	1
567	995	1
606	995	1
609	995	1
669	995	1
709	995	1
843	995	1
855	995	1
995	995	2
849	996	1
42	999	1
96	999	1
161	999	1
325	999	1
606	999	1
969	999	1
124	1000	1
131	1000	1
178	1000	1
318	1000	1
356	1000	1
357	1000	1
671	1000	1
725	1000	1
731	1000	1
773	1000	1
