1	5
1	9
5	9
5	11
9	12
4	14
13	14
8	17
13	17
8	18
6	19
8	20
14	20
3	21
5	21
8	21
1	22
3	23
4	23
6	23
11	23
16	23
22	23
5	24
14	24
23	24
3	25
13	25
17	25
6	26
16	26
3	27
6	27
11	27
16	27
5	29
14	29
17	29
7	30
10	30
15	30
18	30
22	30
23	31
30	31
16	32
17	32
22	32
23	32
13	33
20	33
21	33
5	35
7	35
21	35
2	36
11	36
21	36
22	36
33	36
1	37
28	37
36	37
8	38
13	38
14	38
34	38
1	39
3	39
4	39
11	39
3	40
9	40
18	40
31	40
10	41
13	41
19	41
26	41
11	42
18	42
35	42
32	43
14	44
16	44
27	44
21	45
23	45
24	45
29	45
30	45
38	45
43	45
8	46
17	46
30	46
36	46
1	47
7	47
15	47
17	47
2	48
4	48
16	48
21	48
27	48
33	48
38	48
47	48
2	49
15	49
17	49
19	49
23	49
29	49
30	49
45	49
10	50
11	50
18	50
31	50
41	50
5	51
13	51
14	51
29	51
30	51
33	51
39	51
45	51
4	52
29	52
39	52
42	52
48	52
2	53
8	53
17	53
24	53
38	53
46	53
48	53
17	54
35	54
38	54
41	54
42	54
43	54
49	54
4	55
6	55
11	55
19	55
25	55
26	55
33	55
37	55
44	55
47	55
10	56
24	56
25	56
35	56
5	57
6	57
17	57
18	57
24	57
27	57
28	57
34	57
38	57
56	57
1	58
6	58
7	58
18	58
19	58
52	58
10	59
28	59
31	59
47	59
5	60
20	60
45	60
28	61
59	61
2	62
15	62
33	62
39	62
46	62
15	63
32	63
35	63
52	63
53	63
55	63
6	64
13	64
20	64
57	64
61	64
6	65
7	65
18	65
23	65
24	65
28	65
31	65
38	65
44	65
49	65
18	66
14	67
35	67
46	67
51	67
1	68
3	68
10	68
13	68
14	68
21	68
29	68
30	68
46	68
56	68
65	68
5	69
10	69
18	69
35	69
38	69
46	69
54	69
3	70
4	70
18	70
28	70
29	70
41	70
68	70
7	71
20	71
25	71
50	71
11	72
23	72
29	72
33	72
42	72
47	72
1	73
7	73
23	73
25	73
31	73
49	73
51	73
7	74
20	74
27	74
56	74
59	74
67	74
42	75
44	75
48	75
67	75
68	75
69	75
71	75
9	76
20	76
24	76
65	76
71	76
7	77
11	77
21	77
39	77
40	77
45	77
59	77
65	77
73	77
11	78
14	78
16	78
17	78
36	78
44	78
54	78
56	78
63	78
70	78
72	78
2	79
36	79
53	79
4	80
5	80
13	80
16	80
26	80
32	80
48	80
55	80
64	80
70	80
1	81
18	81
31	81
50	81
52	81
64	81
9	82
15	82
20	82
28	82
45	82
56	82
64	82
69	82
73	82
77	82
9	83
12	83
13	83
27	83
38	83
44	83
50	83
64	83
3	84
19	84
32	84
39	84
46	84
66	84
70	84
74	84
82	84
12	85
13	85
19	85
26	85
30	85
42	85
44	85
49	85
55	85
75	85
77	85
5	86
27	86
38	86
42	86
48	86
61	86
85	86
6	87
26	87
40	87
43	87
65	87
79	87
4	88
19	88
23	88
31	88
32	88
42	88
53	88
68	88
74	88
79	88
84	88
85	88
30	89
34	89
37	89
39	89
41	89
44	89
55	89
59	89
63	89
68	89
72	89
76	89
80	89
86	89
4	90
8	90
21	90
24	90
41	90
47	90
61	90
71	90
1	91
5	91
14	91
22	91
24	91
42	91
43	91
53	91
78	91
82	91
86	91
4	92
6	92
13	92
19	92
29	92
45	92
62	92
65	92
3	93
9	93
10	93
31	93
34	93
48	93
49	93
61	93
69	93
73	93
77	93
5	94
16	94
75	94
80	94
93	94
16	95
18	95
41	95
42	95
68	95
82	95
87	95
91	95
92	95
6	96
13	96
16	96
20	96
37	96
38	96
56	96
57	96
64	96
68	96
86	96
5	97
19	97
22	97
26	97
34	97
48	97
66	97
88	97
89	97
11	98
15	98
16	98
29	98
59	98
60	98
68	98
78	98
6	99
9	99
12	99
19	99
37	99
38	99
39	99
40	99
54	99
56	99
67	99
78	99
79	99
83	99
85	99
92	99
93	99
96	99
15	100
36	100
79	100
84	100
97	100
2	101
13	101
14	101
20	101
56	101
61	101
68	101
71	101
78	101
83	101
93	101
2	102
21	102
36	102
54	102
62	102
87	102
28	103
31	103
49	103
55	103
65	103
70	103
75	103
83	103
84	103
97	103
6	104
9	104
43	104
69	104
73	104
94	104
101	104
103	104
13	105
14	105
23	105
28	105
34	105
50	105
52	105
64	105
72	105
75	105
90	105
93	105
5	106
18	106
19	106
25	106
53	106
61	106
66	106
67	106
86	106
88	106
89	106
94	106
5	107
6	107
10	107
27	107
31	107
33	107
35	107
60	107
66	107
75	107
76	107
79	107
95	107
96	107
9	108
17	108
18	108
28	108
44	108
45	108
52	108
73	108
83	108
3	109
5	109
13	109
41	109
47	109
75	109
76	109
77	109
78	109
79	109
94	109
100	109
16	110
34	110
43	110
51	110
61	110
84	110
99	110
36	111
48	111
52	111
65	111
82	111
83	111
106	111
109	111
6	112
12	112
14	112
16	112
33	112
39	112
41	112
42	112
47	112
53	112
57	112
61	112
66	112
86	112
90	112
18	113
54	113
55	113
57	113
58	113
76	113
87	113
89	113
100	113
102	113
4	114
11	114
26	114
30	114
36	114
44	114
51	114
52	114
59	114
80	114
97	114
99	114
100	114
104	114
16	115
19	115
21	115
27	115
32	115
37	115
43	115
48	115
70	115
71	115
80	115
82	115
89	115
91	115
97	115
104	115
5	116
16	116
18	116
25	116
32	116
34	116
35	116
40	116
44	116
54	116
62	116
77	116
92	116
93	116
102	116
107	116
110	116
113	116
8	117
12	117
17	117
35	117
40	117
48	117
59	117
62	117
65	117
68	117
74	117
82	117
106	117
108	117
2	118
10	118
14	118
38	118
40	118
41	118
43	118
64	118
80	118
81	118
84	118
8	119
11	119
13	119
17	119
36	119
42	119
52	119
75	119
82	119
93	119
98	119
108	119
113	119
114	119
4	120
27	120
29	120
30	120
39	120
41	120
43	120
59	120
63	120
74	120
76	120
77	120
84	120
92	120
115	120
119	120
8	121
9	121
68	121
76	121
105	121
119	121
18	122
38	122
47	122
108	122
113	122
115	122
116	122
117	122
7	123
10	123
17	123
26	123
34	123
56	123
60	123
63	123
67	123
83	123
105	123
113	123
19	124
21	124
23	124
35	124
57	124
58	124
66	124
76	124
82	124
93	124
104	124
105	124
112	124
14	125
16	125
26	125
65	125
81	125
93	125
102	125
114	125
115	125
26	126
38	126
40	126
48	126
62	126
96	126
107	126
114	126
119	126
125	126
34	127
51	127
60	127
82	127
90	127
94	127
110	127
123	127
6	128
10	128
49	128
59	128
63	128
67	128
71	128
82	128
97	128
115	128
117	128
119	128
120	128
121	128
7	129
8	129
29	129
38	129
73	129
79	129
80	129
103	129
114	129
11	130
21	130
31	130
42	130
50	130
67	130
74	130
81	130
82	130
87	130
101	130
108	130
109	130
111	130
1	131
8	131
25	131
26	131
38	131
60	131
74	131
81	131
84	131
87	131
97	131
109	131
117	131
130	131
10	132
22	132
23	132
32	132
42	132
52	132
64	132
91	132
99	132
100	132
119	132
4	133
40	133
64	133
65	133
80	133
82	133
87	133
98	133
104	133
107	133
108	133
131	133
22	134
40	134
45	134
51	134
58	134
62	134
63	134
73	134
76	134
79	134
93	134
98	134
101	134
102	134
104	134
109	134
114	134
15	135
48	135
70	135
74	135
83	135
86	135
104	135
124	135
133	135
4	136
10	136
16	136
18	136
40	136
51	136
56	136
70	136
71	136
79	136
95	136
107	136
108	136
123	136
7	137
8	137
9	137
19	137
23	137
38	137
60	137
65	137
82	137
96	137
97	137
100	137
123	137
133	137
5	138
8	138
11	138
12	138
38	138
71	138
76	138
77	138
118	138
130	138
135	138
4	139
6	139
15	139
24	139
68	139
94	139
123	139
21	140
26	140
30	140
35	140
52	140
58	140
64	140
88	140
96	140
105	140
110	140
120	140
126	140
130	140
131	140
2	141
39	141
65	141
69	141
74	141
75	141
93	141
106	141
111	141
115	141
117	141
126	141
131	141
132	141
3	142
19	142
20	142
43	142
44	142
47	142
53	142
55	142
73	142
77	142
98	142
106	142
107	142
120	142
125	142
127	142
137	142
3	143
17	143
23	143
38	143
53	143
69	143
70	143
71	143
73	143
76	143
77	143
133	143
134	143
135	143
138	143
1	144
13	144
22	144
27	144
40	144
56	144
60	144
67	144
88	144
95	144
103	144
107	144
113	144
116	144
135	144
140	144
143	144
2	145
7	145
27	145
30	145
31	145
38	145
42	145
68	145
70	145
75	145
80	145
117	145
126	145
127	145
130	145
139	145
37	146
55	146
71	146
77	146
83	146
93	146
96	146
99	146
100	146
117	146
122	146
128	146
12	147
13	147
16	147
17	147
22	147
25	147
53	147
69	147
70	147
75	147
90	147
96	147
115	147
117	147
131	147
133	147
137	147
144	147
146	147
5	148
7	148
25	148
60	148
63	148
68	148
71	148
82	148
89	148
90	148
98	148
11	149
23	149
41	149
52	149
67	149
83	149
91	149
132	149
135	149
16	150
18	150
19	150
21	150
31	150
32	150
33	150
34	150
45	150
58	150
61	150
62	150
78	150
81	150
82	150
83	150
91	150
92	150
93	150
101	150
107	150
110	150
115	150
119	150
128	150
146	150
1	151
49	151
73	151
78	151
93	151
107	151
124	151
131	151
3	152
5	152
17	152
33	152
35	152
39	152
43	152
48	152
50	152
60	152
74	152
84	152
92	152
101	152
104	152
109	152
113	152
130	152
149	152
4	153
6	153
8	153
11	153
47	153
101	153
106	153
117	153
120	153
136	153
152	153
7	154
21	154
24	154
25	154
36	154
48	154
56	154
59	154
68	154
75	154
78	154
109	154
116	154
125	154
134	154
136	154
141	154
1	155
16	155
17	155
25	155
31	155
44	155
58	155
66	155
69	155
75	155
76	155
78	155
103	155
104	155
132	155
149	155
6	156
10	156
16	156
22	156
23	156
44	156
56	156
73	156
81	156
94	156
103	156
123	156
128	156
129	156
151	156
31	157
46	157
47	157
48	157
54	157
94	157
103	157
106	157
108	157
119	157
125	157
131	157
134	157
135	157
141	157
3	158
12	158
21	158
40	158
80	158
88	158
92	158
103	158
108	158
121	158
146	158
15	159
19	159
27	159
28	159
36	159
39	159
45	159
51	159
76	159
96	159
101	159
114	159
126	159
132	159
141	159
142	159
149	159
10	160
23	160
29	160
38	160
40	160
45	160
50	160
69	160
82	160
84	160
85	160
107	160
111	160
120	160
131	160
143	160
147	160
151	160
152	160
158	160
50	162
103	162
60	163
95	163
20	164
5	165
12	165
69	165
94	165
95	165
162	165
19	166
32	166
162	166
139	167
154	168
38	169
69	169
167	169
52	170
67	170
116	170
140	170
161	170
162	170
49	171
65	171
170	171
47	172
49	172
79	172
162	172
165	172
171	172
2	173
104	173
163	173
68	174
164	174
27	175
125	175
161	175
167	175
173	175
172	176
174	176
118	177
133	177
134	177
166	178
169	178
173	178
165	179
171	179
71	180
72	180
96	180
143	180
162	180
112	181
166	181
172	181
178	181
52	182
75	182
113	182
115	182
58	183
92	183
128	183
153	183
167	183
180	183
74	184
143	184
178	184
12	185
76	185
89	185
18	186
164	186
173	186
50	187
134	187
164	187
174	187
175	187
15	188
39	188
79	188
98	188
101	188
175	188
177	188
178	188
181	188
118	189
156	189
165	189
178	189
181	189
179	190
185	190
188	190
120	191
169	191
187	191
171	192
185	192
191	192
57	193
130	193
151	193
174	193
178	193
26	194
49	194
109	194
174	194
178	194
187	194
191	194
193	194
5	195
112	195
167	195
169	195
174	195
180	195
181	195
46	196
120	196
165	196
194	196
74	197
152	197
170	197
172	197
190	197
33	198
141	198
163	198
170	198
179	198
68	199
133	199
175	199
186	199
179	200
73	201
103	201
161	201
167	201
180	201
183	201
185	201
186	201
194	201
82	202
180	202
193	202
103	203
166	203
170	203
182	203
202	203
137	204
162	204
177	204
189	204
196	204
200	204
202	204
72	205
183	205
188	205
193	205
198	205
25	206
30	206
33	206
48	206
199	206
39	207
161	207
170	207
179	207
189	207
107	208
157	208
176	208
190	208
73	209
165	209
167	209
181	209
184	209
194	209
195	209
196	209
89	210
104	210
162	210
163	210
167	210
176	210
178	210
179	210
184	210
185	210
196	210
117	211
163	211
171	211
187	211
191	211
194	211
198	211
110	212
174	212
182	212
164	213
165	213
166	213
178	213
188	213
192	213
198	213
85	214
138	214
183	214
185	214
204	214
205	214
185	215
194	215
206	215
211	215
43	216
125	216
165	216
170	216
172	216
215	216
152	217
166	217
196	217
164	218
168	218
176	218
184	218
190	218
200	218
204	218
158	219
163	219
185	219
203	219
207	219
25	220
45	220
75	220
163	220
164	220
173	220
192	220
194	220
204	220
205	220
26	221
34	221
44	221
168	221
170	221
22	222
33	222
110	222
128	222
170	222
193	222
194	222
198	222
215	222
166	223
199	223
211	223
57	224
73	224
165	224
182	224
185	224
190	224
203	224
211	224
217	224
39	225
81	225
162	225
186	225
188	225
199	225
1	226
108	226
142	226
169	226
170	226
174	226
27	227
37	227
150	227
157	227
167	227
168	227
187	227
188	227
190	227
192	227
207	227
208	227
220	227
222	227
226	227
42	228
167	228
182	228
187	228
190	228
192	228
210	228
9	229
15	229
106	229
129	229
191	229
197	229
205	229
216	229
217	229
115	230
161	230
164	230
194	230
199	230
226	230
33	231
162	231
169	231
195	231
208	231
211	231
221	231
222	231
223	231
63	232
174	232
184	232
193	232
194	232
197	232
202	232
204	232
206	232
210	232
219	232
163	233
181	233
186	233
189	233
194	233
202	233
208	233
224	233
225	233
230	233
232	233
104	234
163	234
164	234
178	234
192	234
202	234
210	234
214	234
221	234
35	235
76	235
168	235
193	235
199	235
217	235
167	236
172	236
177	236
191	236
201	236
202	236
203	236
208	236
234	236
172	237
187	237
200	237
201	237
67	238
120	238
162	238
164	238
186	238
191	238
194	238
195	238
199	238
201	238
205	238
212	238
215	238
219	238
234	238
53	239
170	239
186	239
191	239
210	239
224	239
234	239
76	240
96	240
167	240
174	240
184	240
206	240
210	240
211	240
9	241
83	241
119	241
131	241
170	241
180	241
185	241
189	241
193	241
197	241
220	241
236	241
1	242
7	242
180	242
195	242
197	242
203	242
215	242
217	242
235	242
238	242
84	243
166	243
189	243
206	243
219	243
231	243
35	244
45	244
127	244
169	244
176	244
181	244
184	244
202	244
215	244
220	244
226	244
227	244
233	244
234	244
55	245
167	245
190	245
192	245
193	245
195	245
196	245
197	245
222	245
227	245
233	245
236	245
237	245
238	245
241	245
243	245
174	246
192	246
222	246
229	246
230	246
232	246
236	246
240	246
12	247
45	247
167	247
181	247
183	247
189	247
198	247
203	247
213	247
216	247
226	247
227	247
230	247
242	247
62	248
158	248
165	248
173	248
179	248
192	248
236	248
2	249
169	249
183	249
206	249
212	249
225	249
234	249
15	250
149	250
167	250
181	250
182	250
185	250
187	250
200	250
209	250
228	250
233	250
246	250
247	250
249	250
161	251
162	251
166	251
178	251
194	251
202	251
205	251
209	251
222	251
228	251
240	251
245	251
250	251
126	252
163	252
187	252
198	252
199	252
227	252
234	252
249	252
157	253
177	253
179	253
202	253
203	253
209	253
222	253
225	253
226	253
227	253
233	253
234	253
236	253
243	253
36	254
43	254
94	254
164	254
187	254
191	254
217	254
222	254
246	254
66	255
130	255
172	255
175	255
185	255
193	255
195	255
220	255
222	255
230	255
232	255
235	255
240	255
241	255
246	255
47	256
108	256
165	256
186	256
195	256
215	256
238	256
252	256
41	257
170	257
173	257
211	257
212	257
215	257
218	257
242	257
244	257
249	257
254	257
27	258
53	258
69	258
73	258
186	258
202	258
214	258
218	258
224	258
226	258
231	258
247	258
249	258
40	259
114	259
179	259
182	259
186	259
198	259
216	259
250	259
251	259
254	259
8	260
43	260
157	260
162	260
181	260
187	260
202	260
37	261
66	261
169	261
171	261
178	261
182	261
225	261
227	261
230	261
243	261
244	261
251	261
258	261
260	261
50	262
95	262
176	262
182	262
204	262
210	262
218	262
231	262
250	262
36	263
43	263
140	263
162	263
175	263
181	263
200	263
212	263
225	263
231	263
242	263
254	263
259	263
260	263
139	264
150	264
167	264
174	264
186	264
189	264
191	264
206	264
224	264
225	264
237	264
244	264
36	265
205	265
209	265
210	265
221	265
222	265
226	265
248	265
249	265
262	265
173	266
194	266
223	266
229	266
246	266
254	266
257	266
163	267
164	267
187	267
199	267
200	267
211	267
218	267
238	267
256	267
262	267
68	268
162	268
167	268
168	268
184	268
195	268
219	268
225	268
226	268
231	268
251	268
252	268
253	268
254	268
255	268
256	268
118	269
133	269
162	269
165	269
174	269
180	269
184	269
185	269
188	269
198	269
202	269
208	269
213	269
218	269
220	269
221	269
228	269
235	269
251	269
254	269
262	269
265	269
268	269
19	270
26	270
164	270
170	270
171	270
172	270
205	270
232	270
234	270
242	270
251	270
258	270
267	270
47	271
108	271
131	271
139	271
162	271
169	271
172	271
178	271
200	271
204	271
226	271
229	271
247	271
266	271
109	272
159	272
164	272
177	272
190	272
197	272
212	272
213	272
219	272
220	272
230	272
239	272
261	272
107	273
140	273
169	273
182	273
212	273
213	273
228	273
232	273
238	273
248	273
250	273
259	273
261	273
263	273
268	273
269	273
12	274
122	274
123	274
173	274
184	274
205	274
222	274
237	274
240	274
243	274
264	274
18	275
161	275
162	275
166	275
189	275
212	275
216	275
230	275
238	275
244	275
246	275
258	275
262	275
1	276
29	276
165	276
177	276
178	276
179	276
190	276
204	276
209	276
212	276
234	276
235	276
261	276
273	276
16	277
29	277
48	277
79	277
163	277
164	277
168	277
187	277
190	277
196	277
203	277
215	277
219	277
220	277
229	277
232	277
256	277
50	278
181	278
204	278
210	278
233	278
266	278
271	278
94	279
162	279
198	279
202	279
222	279
234	279
239	279
245	279
258	279
261	279
269	279
272	279
278	279
5	280
183	280
196	280
197	280
201	280
215	280
216	280
232	280
234	280
251	280
254	280
257	280
266	280
276	280
96	281
168	281
170	281
171	281
190	281
220	281
227	281
245	281
250	281
266	281
272	281
274	281
275	281
170	282
192	282
215	282
217	282
220	282
225	282
226	282
230	282
261	282
86	283
96	283
109	283
184	283
190	283
198	283
204	283
216	283
222	283
225	283
238	283
249	283
251	283
256	283
257	283
45	284
65	284
162	284
166	284
172	284
193	284
194	284
196	284
197	284
198	284
206	284
222	284
234	284
239	284
265	284
270	284
276	284
280	284
8	285
25	285
40	285
176	285
183	285
190	285
209	285
211	285
269	285
61	286
167	286
184	286
188	286
190	286
204	286
208	286
211	286
235	286
236	286
243	286
251	286
276	286
281	286
282	286
168	287
170	287
190	287
211	287
212	287
213	287
214	287
234	287
238	287
250	287
272	287
284	287
103	288
109	288
161	288
215	288
217	288
221	288
230	288
238	288
252	288
260	288
266	288
157	289
174	289
182	289
198	289
224	289
238	289
243	289
248	289
264	289
266	289
278	289
285	289
26	290
42	290
165	290
171	290
176	290
178	290
185	290
188	290
197	290
203	290
206	290
216	290
224	290
227	290
248	290
264	290
276	290
28	291
165	291
172	291
192	291
194	291
198	291
206	291
210	291
214	291
224	291
225	291
242	291
253	291
273	291
281	291
290	291
54	292
121	292
166	292
178	292
185	292
205	292
216	292
219	292
235	292
238	292
254	292
257	292
169	293
194	293
196	293
197	293
208	293
226	293
228	293
231	293
234	293
239	293
247	293
257	293
262	293
288	293
67	294
90	294
112	294
150	294
167	294
182	294
221	294
237	294
250	294
266	294
272	294
284	294
290	294
209	295
211	295
217	295
230	295
246	295
247	295
259	295
267	295
281	295
162	296
166	296
169	296
176	296
178	296
198	296
211	296
217	296
218	296
219	296
228	296
234	296
242	296
245	296
253	296
267	296
275	296
284	296
290	296
161	297
184	297
186	297
187	297
202	297
205	297
212	297
220	297
246	297
252	297
255	297
266	297
270	297
276	297
27	298
55	298
196	298
204	298
215	298
216	298
222	298
231	298
234	298
236	298
238	298
240	298
275	298
285	298
296	298
38	299
175	299
176	299
192	299
194	299
195	299
212	299
219	299
227	299
228	299
235	299
262	299
274	299
295	299
161	300
164	300
181	300
186	300
210	300
213	300
217	300
218	300
219	300
255	300
262	300
263	300
278	300
292	300
297	300
115	301
167	301
171	301
179	301
186	301
189	301
207	301
215	301
216	301
218	301
221	301
223	301
237	301
251	301
260	301
274	301
287	301
144	302
170	302
174	302
183	302
185	302
200	302
223	302
232	302
254	302
256	302
263	302
285	302
300	302
40	303
187	303
194	303
197	303
205	303
213	303
221	303
225	303
227	303
242	303
247	303
248	303
264	303
274	303
279	303
283	303
285	303
286	303
288	303
165	304
166	304
168	304
170	304
183	304
189	304
221	304
247	304
259	304
260	304
262	304
271	304
277	304
280	304
142	305
167	305
168	305
193	305
205	305
216	305
221	305
244	305
254	305
256	305
257	305
258	305
275	305
276	305
277	305
302	305
152	306
170	306
185	306
189	306
198	306
211	306
213	306
229	306
234	306
266	306
276	306
289	306
294	306
300	306
303	306
304	306
148	307
168	307
186	307
194	307
205	307
216	307
219	307
241	307
265	307
274	307
276	307
277	307
282	307
52	308
142	308
153	308
161	308
162	308
166	308
173	308
179	308
208	308
252	308
267	308
269	308
275	308
289	308
296	308
166	309
263	309
279	309
293	309
297	309
300	309
303	309
25	310
165	310
171	310
176	310
199	310
209	310
224	310
225	310
243	310
259	310
261	310
266	310
269	310
299	310
303	310
84	311
163	311
166	311
172	311
198	311
221	311
224	311
228	311
233	311
256	311
265	311
268	311
275	311
278	311
282	311
65	312
67	312
206	312
221	312
241	312
247	312
289	312
303	312
38	313
172	313
174	313
180	313
185	313
197	313
212	313
229	313
234	313
247	313
249	313
273	313
283	313
285	313
287	313
304	313
312	313
45	314
188	314
197	314
199	314
203	314
214	314
217	314
221	314
235	314
243	314
245	314
253	314
268	314
272	314
275	314
301	314
305	314
166	315
168	315
180	315
184	315
185	315
190	315
218	315
225	315
234	315
245	315
255	315
256	315
259	315
262	315
273	315
284	315
288	315
292	315
298	315
300	315
310	315
311	315
314	315
122	316
130	316
142	316
170	316
179	316
190	316
210	316
223	316
228	316
236	316
241	316
242	316
251	316
274	316
285	316
311	316
315	316
48	317
168	317
182	317
184	317
207	317
209	317
230	317
240	317
246	317
274	317
281	317
298	317
312	317
313	317
156	318
166	318
167	318
180	318
213	318
253	318
258	318
266	318
267	318
286	318
314	318
4	319
186	319
202	319
217	319
226	319
257	319
289	319
310	319
312	319
315	319
24	320
163	320
172	320
174	320
176	320
208	320
222	320
224	320
231	320
261	320
267	320
280	320
283	320
284	320
285	320
299	320
300	320
304	320
193	321
219	321
247	321
49	322
98	322
100	322
145	322
197	322
289	322
6	323
8	323
11	323
99	323
117	323
118	323
180	323
60	324
143	324
226	326
266	326
103	327
108	327
201	327
67	328
320	328
132	329
252	329
259	329
305	329
241	330
252	330
219	331
272	331
297	331
323	331
328	331
331	332
77	333
330	333
316	334
326	334
29	335
226	335
279	335
74	336
112	336
197	336
263	336
312	336
324	336
335	336
93	337
223	337
303	337
333	337
60	338
63	338
82	338
322	338
325	338
327	338
47	339
122	339
158	339
170	339
203	339
256	339
283	339
326	339
188	340
309	340
323	340
327	340
329	340
330	340
339	340
92	341
102	341
120	341
136	341
248	341
305	341
324	341
327	341
85	342
114	342
337	342
108	343
335	343
1	344
103	344
199	344
280	344
318	344
322	345
106	346
142	346
321	346
331	346
50	347
322	347
86	348
96	348
161	348
327	348
20	349
147	349
157	349
224	349
231	349
244	349
259	349
334	349
344	349
346	349
133	350
187	350
323	350
329	350
60	351
152	351
205	351
269	351
321	351
348	351
349	351
350	351
10	352
50	352
107	352
321	352
323	352
328	352
329	352
332	352
344	352
13	353
118	353
226	353
288	353
333	353
335	353
336	353
346	353
24	354
100	354
182	354
334	354
79	355
215	355
221	355
337	355
341	355
343	355
350	355
351	355
54	356
70	356
113	356
144	356
146	356
171	356
201	356
212	356
345	356
350	356
351	356
114	357
150	357
233	357
260	357
335	357
356	357
143	358
197	358
337	358
346	358
355	358
69	359
104	359
193	359
206	359
303	359
332	359
343	359
349	359
350	359
352	359
104	360
259	360
261	360
273	360
289	360
332	360
335	360
348	360
357	360
358	360
106	361
152	361
242	361
258	361
287	361
324	361
328	361
339	361
353	361
64	362
65	362
81	362
179	362
182	362
334	362
337	362
259	363
324	363
329	363
331	363
337	363
338	363
341	363
347	363
362	363
71	364
149	364
156	364
165	364
195	364
331	364
332	364
343	364
349	364
361	364
31	365
251	365
327	365
329	365
332	365
339	365
363	365
124	366
341	366
342	366
349	366
352	366
356	366
19	367
57	367
103	367
153	367
164	367
322	367
329	367
335	367
91	368
143	368
215	368
331	368
346	368
353	368
365	368
81	369
280	369
306	369
328	369
330	369
343	369
357	369
99	370
101	370
115	370
198	370
212	370
253	370
335	370
337	370
361	370
365	370
368	370
56	371
86	371
130	371
329	371
331	371
335	371
336	371
338	371
351	371
183	372
309	372
316	372
334	372
363	372
369	372
69	373
135	373
195	373
274	373
296	373
306	373
321	373
330	373
136	374
159	374
235	374
324	374
355	374
371	374
14	375
326	375
343	375
349	375
352	375
355	375
357	375
368	375
369	375
39	376
128	376
194	376
240	376
333	376
343	376
361	376
161	377
324	377
327	377
328	377
333	377
340	377
347	377
368	377
371	377
372	377
101	378
160	378
177	378
248	378
327	378
333	378
357	378
27	379
114	379
117	379
129	379
162	379
228	379
308	379
327	379
331	379
340	379
346	379
348	379
355	379
368	379
375	379
57	380
72	380
81	380
127	380
172	380
337	380
354	380
365	380
375	380
289	381
329	381
339	381
343	381
376	381
377	381
378	381
44	382
55	382
102	382
197	382
218	382
239	382
326	382
330	382
338	382
339	382
340	382
352	382
359	382
364	382
375	382
27	383
88	383
99	383
126	383
223	383
300	383
347	383
371	383
374	383
324	384
336	384
345	384
357	384
364	384
368	384
381	384
45	385
166	385
207	385
240	385
330	385
334	385
335	385
356	385
367	385
381	385
301	386
332	386
340	386
346	386
363	386
377	386
383	386
166	387
323	387
325	387
364	387
384	387
82	388
230	388
322	388
332	388
337	388
344	388
347	388
349	388
351	388
352	388
375	388
380	388
381	388
384	388
34	389
148	389
170	389
277	389
335	389
372	389
373	389
299	390
322	390
333	390
339	390
345	390
366	390
367	390
377	390
380	390
19	391
102	391
171	391
235	391
269	391
271	391
333	391
341	391
364	391
373	391
377	391
386	391
390	391
89	392
96	392
210	392
226	392
256	392
315	392
325	392
336	392
338	392
347	392
370	392
378	392
387	392
195	393
198	393
331	393
340	393
364	393
369	393
373	393
374	393
376	393
104	394
341	394
345	394
361	394
120	395
182	395
339	395
348	395
350	395
351	395
365	395
374	395
389	395
73	396
190	396
260	396
315	396
322	396
341	396
342	396
346	396
354	396
355	396
361	396
363	396
369	396
25	397
87	397
134	397
279	397
325	397
327	397
328	397
329	397
336	397
346	397
348	397
354	397
365	397
375	397
391	397
396	397
27	398
43	398
49	398
127	398
215	398
277	398
343	398
348	398
361	398
363	398
384	398
393	398
397	398
22	399
38	399
119	399
248	399
263	399
331	399
334	399
354	399
356	399
359	399
360	399
365	399
371	399
376	399
392	399
394	399
48	400
192	400
322	400
326	400
339	400
341	400
369	400
377	400
383	400
50	401
53	401
98	401
119	401
211	401
273	401
322	401
334	401
337	401
369	401
372	401
377	401
387	401
14	402
57	402
216	402
237	402
282	402
334	402
346	402
349	402
360	402
363	402
375	402
376	402
382	402
385	402
60	403
165	403
250	403
323	403
324	403
331	403
350	403
356	403
358	403
364	403
387	403
396	403
162	404
325	404
331	404
348	404
357	404
361	404
394	404
160	405
184	405
187	405
204	405
256	405
294	405
323	405
327	405
337	405
371	405
376	405
383	405
394	405
396	405
4	406
55	406
56	406
122	406
284	406
331	406
360	406
362	406
366	406
369	406
386	406
403	406
144	407
255	407
261	407
344	407
347	407
360	407
372	407
373	407
375	407
376	407
380	407
382	407
393	407
3	408
13	408
150	408
264	408
322	408
324	408
335	408
355	408
360	408
370	408
372	408
386	408
401	408
87	409
152	409
154	409
241	409
322	409
326	409
331	409
338	409
346	409
353	409
363	409
366	409
367	409
371	409
372	409
59	410
75	410
134	410
228	410
324	410
335	410
338	410
345	410
357	410
363	410
376	410
391	410
397	410
403	410
404	410
87	411
111	411
124	411
268	411
301	411
325	411
326	411
330	411
334	411
335	411
342	411
356	411
364	411
394	411
406	411
81	412
140	412
269	412
292	412
323	412
329	412
340	412
341	412
352	412
358	412
398	412
405	412
127	413
282	413
332	413
335	413
347	413
378	413
381	413
393	413
396	413
407	413
18	414
331	414
349	414
379	414
385	414
391	414
403	414
409	414
15	415
138	415
172	415
336	415
339	415
369	415
374	415
389	415
54	416
127	416
137	416
156	416
280	416
321	416
351	416
355	416
362	416
397	416
399	416
404	416
407	416
79	417
93	417
197	417
334	417
336	417
339	417
345	417
358	417
370	417
386	417
413	417
46	418
71	418
217	418
321	418
341	418
347	418
350	418
354	418
382	418
383	418
389	418
391	418
393	418
405	418
412	418
73	419
77	419
82	419
108	419
168	419
321	419
323	419
331	419
334	419
347	419
359	419
365	419
369	419
376	419
382	419
391	419
392	419
409	419
410	419
415	419
416	419
24	420
46	420
327	420
328	420
371	420
376	420
391	420
398	420
19	421
150	421
159	421
322	421
332	421
351	421
364	421
368	421
374	421
382	421
393	421
419	421
23	422
83	422
125	422
329	422
348	422
390	422
393	422
419	422
134	423
321	423
322	423
332	423
338	423
341	423
350	423
356	423
360	423
366	423
406	423
410	423
414	423
415	423
416	423
22	424
53	424
104	424
122	424
270	424
323	424
325	424
334	424
336	424
342	424
346	424
350	424
354	424
363	424
364	424
367	424
371	424
377	424
382	424
394	424
395	424
396	424
398	424
407	424
413	424
187	425
213	425
300	425
321	425
323	425
327	425
331	425
350	425
386	425
393	425
398	425
402	425
403	425
407	425
421	425
5	426
238	426
274	426
309	426
334	426
336	426
345	426
347	426
350	426
354	426
362	426
382	426
388	426
389	426
395	426
402	426
409	426
38	427
171	427
228	427
242	427
314	427
332	427
342	427
349	427
352	427
356	427
402	427
407	427
420	427
421	427
425	427
52	428
82	428
157	428
223	428
238	428
272	428
290	428
327	428
334	428
347	428
352	428
361	428
365	428
374	428
408	428
413	428
69	429
234	429
327	429
354	429
360	429
369	429
388	429
392	429
393	429
399	429
410	429
419	429
66	430
107	430
135	430
144	430
210	430
334	430
335	430
344	430
353	430
361	430
369	430
389	430
394	430
414	430
20	431
61	431
111	431
236	431
338	431
339	431
365	431
400	431
406	431
408	431
409	431
410	431
430	431
82	432
95	432
322	432
329	432
335	432
340	432
350	432
398	432
409	432
421	432
422	432
22	433
46	433
124	433
128	433
156	433
162	433
180	433
254	433
265	433
323	433
328	433
337	433
373	433
388	433
397	433
405	433
408	433
418	433
419	433
52	434
216	434
289	434
325	434
328	434
343	434
351	434
357	434
361	434
389	434
397	434
406	434
412	434
415	434
419	434
421	434
424	434
13	435
145	435
159	435
293	435
320	435
330	435
334	435
338	435
346	435
348	435
359	435
380	435
381	435
389	435
391	435
392	435
403	435
405	435
420	435
422	435
83	436
199	436
283	436
333	436
342	436
352	436
358	436
359	436
368	436
370	436
377	436
393	436
396	436
419	436
422	436
429	436
431	436
43	437
48	437
179	437
338	437
348	437
351	437
359	437
372	437
376	437
384	437
412	437
413	437
415	437
8	438
178	438
324	438
363	438
373	438
380	438
385	438
390	438
398	438
404	438
415	438
426	438
431	438
21	439
185	439
269	439
295	439
323	439
329	439
337	439
340	439
343	439
360	439
388	439
408	439
417	439
419	439
422	439
438	439
194	440
338	440
357	440
358	440
371	440
390	440
397	440
403	440
406	440
418	440
419	440
429	440
430	440
434	440
46	441
196	441
272	441
330	441
338	441
365	441
368	441
378	441
398	441
402	441
403	441
408	441
420	441
422	441
15	442
17	442
33	442
163	442
229	442
323	442
330	442
331	442
351	442
352	442
355	442
358	442
363	442
397	442
400	442
401	442
425	442
430	442
441	442
77	443
92	443
189	443
201	443
324	443
342	443
352	443
366	443
377	443
386	443
410	443
426	443
438	443
439	443
234	444
282	444
321	444
329	444
330	444
335	444
343	444
370	444
390	444
400	444
405	444
424	444
439	444
442	444
331	445
341	445
344	445
347	445
353	445
365	445
369	445
387	445
429	445
72	446
145	446
172	446
221	446
325	446
327	446
328	446
335	446
336	446
350	446
357	446
366	446
425	446
427	446
430	446
74	447
126	447
302	447
321	447
356	447
361	447
363	447
374	447
385	447
391	447
394	447
396	447
402	447
406	447
409	447
3	448
41	448
110	448
134	448
322	448
332	448
335	448
343	448
344	448
346	448
347	448
352	448
357	448
367	448
368	448
377	448
378	448
380	448
416	448
440	448
447	448
272	449
329	449
333	449
346	449
380	449
381	449
394	449
395	449
396	449
404	449
422	449
440	449
442	449
443	449
444	449
150	450
153	450
272	450
293	450
298	450
330	450
335	450
342	450
354	450
365	450
366	450
382	450
389	450
390	450
391	450
396	450
408	450
429	450
316	451
323	451
338	451
339	451
351	451
362	451
363	451
376	451
403	451
407	451
415	451
426	451
432	451
434	451
130	452
152	452
182	452
215	452
285	452
311	452
340	452
350	452
353	452
365	452
368	452
376	452
433	452
450	452
61	453
163	453
270	453
343	453
348	453
355	453
380	453
382	453
384	453
430	453
432	453
436	453
87	454
227	454
349	454
365	454
389	454
407	454
416	454
423	454
429	454
432	454
434	454
288	455
302	455
322	455
324	455
329	455
333	455
355	455
374	455
379	455
381	455
382	455
422	455
426	455
433	455
450	455
454	455
53	456
112	456
116	456
186	456
260	456
281	456
327	456
338	456
342	456
387	456
416	456
423	456
439	456
445	456
26	457
35	457
172	457
316	457
321	457
331	457
360	457
365	457
375	457
380	457
386	457
406	457
423	457
439	457
24	458
58	458
69	458
171	458
331	458
332	458
349	458
380	458
388	458
391	458
398	458
416	458
420	458
441	458
447	458
6	459
114	459
172	459
313	459
323	459
334	459
349	459
367	459
384	459
419	459
428	459
431	459
433	459
439	459
444	459
454	459
32	460
261	460
262	460
283	460
330	460
349	460
350	460
369	460
389	460
395	460
401	460
412	460
430	460
432	460
433	460
447	460
449	460
459	460
49	461
304	461
327	461
331	461
335	461
339	461
371	461
381	461
384	461
406	461
427	461
455	461
458	461
251	462
328	462
337	462
358	462
375	462
379	462
381	462
390	462
392	462
421	462
423	462
426	462
429	462
438	462
439	462
440	462
444	462
446	462
450	462
457	462
195	463
229	463
303	463
322	463
344	463
346	463
400	463
404	463
407	463
408	463
414	463
419	463
429	463
433	463
439	463
452	463
10	464
41	464
285	464
325	464
328	464
331	464
358	464
366	464
369	464
390	464
400	464
406	464
419	464
425	464
434	464
441	464
452	464
454	464
458	464
462	464
12	465
162	465
206	465
237	465
262	465
324	465
326	465
332	465
334	465
364	465
370	465
399	465
401	465
407	465
415	465
421	465
426	465
453	465
454	465
455	465
460	465
463	465
12	466
14	466
98	466
151	466
260	466
284	466
359	466
360	466
368	466
370	466
388	466
399	466
411	466
427	466
443	466
445	466
448	466
40	467
70	467
115	467
175	467
335	467
338	467
361	467
362	467
363	467
370	467
374	467
375	467
377	467
396	467
399	467
403	467
412	467
419	467
431	467
434	467
442	467
446	467
448	467
450	467
459	467
463	467
464	467
97	468
266	468
304	468
319	468
328	468
333	468
336	468
367	468
378	468
385	468
387	468
394	468
418	468
424	468
426	468
428	468
434	468
436	468
446	468
459	468
464	468
466	468
14	469
19	469
199	469
321	469
322	469
327	469
339	469
358	469
365	469
381	469
385	469
388	469
398	469
403	469
410	469
429	469
431	469
444	469
449	469
452	469
460	469
4	470
72	470
285	470
341	470
354	470
356	470
376	470
382	470
394	470
410	470
428	470
429	470
430	470
438	470
441	470
460	470
184	471
349	471
352	471
360	471
365	471
366	471
389	471
395	471
398	471
402	471
413	471
440	471
445	471
117	472
200	472
323	472
335	472
341	472
343	472
363	472
376	472
378	472
380	472
383	472
386	472
398	472
405	472
427	472
429	472
431	472
457	472
469	472
76	473
79	473
294	473
343	473
364	473
366	473
371	473
382	473
394	473
411	473
413	473
429	473
455	473
129	474
162	474
325	474
340	474
346	474
357	474
368	474
379	474
395	474
399	474
426	474
428	474
450	474
456	474
460	474
461	474
23	475
54	475
122	475
249	475
275	475
307	475
331	475
347	475
359	475
362	475
378	475
381	475
399	475
418	475
428	475
431	475
443	475
459	475
463	475
36	476
98	476
278	476
322	476
336	476
364	476
376	476
380	476
386	476
388	476
390	476
406	476
410	476
423	476
434	476
443	476
450	476
453	476
96	477
128	477
182	477
194	477
322	477
333	477
355	477
356	477
357	477
373	477
379	477
399	477
402	477
403	477
407	477
410	477
427	477
431	477
439	477
140	478
265	478
320	478
330	478
332	478
341	478
342	478
382	478
386	478
394	478
405	478
433	478
443	478
457	478
459	478
463	478
138	479
238	479
323	479
356	479
357	479
360	479
377	479
398	479
405	479
406	479
410	479
411	479
412	479
422	479
430	479
432	479
436	479
442	479
446	479
451	479
477	479
478	479
29	480
71	480
74	480
131	480
356	480
364	480
367	480
373	480
375	480
377	480
381	480
388	480
397	480
398	480
423	480
427	480
430	480
457	480
37	481
245	481
152	482
183	482
292	482
301	482
420	482
241	483
349	483
99	484
229	484
248	484
481	484
22	485
67	485
418	485
436	485
484	485
5	486
123	486
190	486
406	486
482	486
68	487
111	487
187	487
189	487
445	487
206	488
387	488
397	488
129	489
265	489
280	489
303	489
309	489
338	489
368	489
436	489
268	490
277	490
339	490
358	490
487	490
76	491
110	491
156	491
366	491
434	491
481	491
220	492
245	492
358	492
441	492
469	492
40	493
304	493
392	493
421	493
463	493
489	493
74	494
75	494
84	494
94	494
121	494
308	494
310	494
446	494
476	494
482	494
484	494
489	494
492	494
19	495
384	495
491	495
28	496
91	496
300	496
316	496
353	496
425	496
492	496
47	497
261	497
361	497
2	498
18	498
243	498
316	498
449	498
9	499
75	499
153	499
23	500
58	500
139	500
228	500
309	500
486	500
493	500
89	501
332	501
408	501
482	501
495	501
8	502
42	502
337	502
360	502
375	502
494	502
495	502
498	502
49	503
196	503
330	503
335	503
414	503
72	504
168	504
199	504
271	504
494	504
38	505
314	505
486	505
269	506
453	506
482	506
495	506
89	507
156	507
158	507
169	507
233	507
347	507
430	507
481	507
504	507
506	507
46	508
74	508
141	508
172	508
216	508
250	508
447	508
472	508
118	509
439	509
481	509
495	509
497	509
500	509
501	509
505	509
44	510
45	510
325	510
492	510
501	510
138	511
209	511
210	511
398	511
442	511
481	511
487	511
491	511
507	511
36	512
196	512
228	512
273	512
289	512
478	512
493	512
501	512
505	512
27	513
155	513
279	513
307	513
356	513
482	513
484	513
489	513
494	513
502	513
503	513
344	514
352	514
482	514
505	514
11	515
48	515
110	515
261	515
312	515
382	515
512	515
33	516
177	516
380	516
416	516
484	516
486	516
488	516
491	516
499	516
501	516
510	516
513	516
85	517
118	517
245	517
310	517
67	518
275	518
289	518
374	518
414	518
460	518
482	518
484	518
486	518
89	519
486	519
504	519
507	519
508	519
515	519
189	520
301	520
496	520
515	520
44	521
158	521
188	521
233	521
355	521
481	521
483	521
490	521
518	521
314	522
320	522
392	522
483	522
492	522
499	522
513	522
39	523
137	523
315	523
439	523
483	523
494	523
507	523
512	523
10	524
40	524
56	524
158	524
266	524
289	524
396	524
453	524
498	524
503	524
506	524
518	524
1	525
259	525
421	525
484	525
499	525
503	525
36	526
132	526
482	526
484	526
489	526
491	526
498	526
523	526
525	526
214	527
249	527
500	527
508	527
510	527
104	528
342	528
481	528
482	528
491	528
519	528
61	529
98	529
190	529
375	529
409	529
464	529
486	529
492	529
494	529
503	529
516	529
133	530
145	530
274	530
484	530
487	530
513	530
516	530
528	530
262	531
342	531
379	531
463	531
483	531
486	531
487	531
504	531
507	531
511	531
522	531
37	532
64	532
184	532
203	532
270	532
271	532
428	532
490	532
492	532
496	532
500	532
502	532
508	532
515	532
518	532
48	533
64	533
97	533
443	533
444	533
485	533
495	533
529	533
530	533
48	534
207	534
420	534
422	534
508	534
512	534
515	534
516	534
526	534
56	535
58	535
68	535
91	535
120	535
297	535
305	535
344	535
482	535
498	535
505	535
510	535
518	535
525	535
148	536
206	536
273	536
332	536
357	536
484	536
485	536
489	536
512	536
532	536
192	537
343	537
446	537
465	537
493	537
496	537
498	537
506	537
528	537
529	537
531	537
48	538
159	538
326	538
379	538
498	538
505	538
514	538
524	538
206	539
311	539
419	539
445	539
483	539
484	539
498	539
514	539
515	539
519	539
527	539
534	539
216	540
258	540
440	540
494	540
501	540
511	540
77	541
157	541
244	541
269	541
464	541
465	541
481	541
535	541
538	541
29	542
33	542
149	542
258	542
502	542
503	542
508	542
521	542
527	542
541	542
4	543
132	543
148	543
166	543
290	543
441	543
456	543
458	543
490	543
499	543
511	543
525	543
78	544
163	544
445	544
484	544
487	544
488	544
501	544
504	544
505	544
518	544
524	544
534	544
235	545
262	545
336	545
485	545
486	545
504	545
517	545
522	545
526	545
530	545
537	545
538	545
543	545
544	545
95	546
137	546
378	546
451	546
500	546
501	546
506	546
508	546
519	546
544	546
262	547
287	547
384	547
385	547
403	547
489	547
494	547
504	547
505	547
540	547
178	548
499	548
508	548
520	548
527	548
541	548
19	549
106	549
124	549
304	549
320	549
481	549
503	549
509	549
226	550
267	550
359	550
444	550
481	550
486	550
492	550
499	550
519	550
537	550
542	550
544	550
118	551
162	551
170	551
197	551
206	551
254	551
292	551
340	551
393	551
492	551
503	551
519	551
520	551
521	551
542	551
543	551
3	552
44	552
191	552
206	552
376	552
409	552
414	552
492	552
494	552
520	552
112	553
347	553
490	553
491	553
497	553
503	553
504	553
508	553
513	553
531	553
535	553
536	553
537	553
28	554
232	554
240	554
481	554
490	554
496	554
522	554
535	554
539	554
542	554
544	554
546	554
549	554
551	554
57	555
169	555
195	555
242	555
485	555
502	555
546	555
75	556
126	556
204	556
233	556
372	556
439	556
483	556
492	556
495	556
509	556
520	556
534	556
538	556
17	557
119	557
138	557
494	557
499	557
506	557
536	557
539	557
540	557
548	557
76	558
142	558
263	558
312	558
384	558
415	558
483	558
489	558
493	558
501	558
511	558
513	558
530	558
547	558
185	559
479	559
483	559
504	559
551	559
554	559
197	560
329	560
352	560
483	560
485	560
507	560
532	560
533	560
534	560
535	560
538	560
549	560
152	561
154	561
413	561
435	561
441	561
458	561
481	561
484	561
492	561
505	561
523	561
539	561
554	561
555	561
558	561
142	562
172	562
230	562
236	562
281	562
358	562
431	562
479	562
485	562
493	562
516	562
531	562
548	562
558	562
242	563
487	563
495	563
506	563
528	563
530	563
535	563
544	563
548	563
559	563
20	564
216	564
490	564
496	564
501	564
509	564
532	564
539	564
546	564
549	564
550	564
286	565
336	565
378	565
408	565
416	565
488	565
491	565
501	565
502	565
507	565
509	565
526	565
538	565
551	565
181	566
249	566
306	566
427	566
483	566
488	566
494	566
501	566
506	566
512	566
561	566
8	567
15	567
39	567
432	567
473	567
491	567
496	567
511	567
531	567
541	567
546	567
566	567
127	568
218	568
289	568
429	568
484	568
487	568
488	568
506	568
545	568
548	568
80	569
115	569
270	569
461	569
494	569
528	569
530	569
559	569
562	569
18	570
116	570
149	570
299	570
385	570
443	570
458	570
485	570
489	570
508	570
511	570
516	570
526	570
527	570
528	570
534	570
536	570
543	570
567	570
33	571
85	571
109	571
154	571
226	571
485	571
493	571
498	571
500	571
501	571
507	571
522	571
525	571
527	571
537	571
544	571
551	571
555	571
559	571
561	571
563	571
52	572
75	572
203	572
374	572
396	572
453	572
510	572
515	572
520	572
535	572
567	572
200	573
213	573
242	573
324	573
328	573
482	573
490	573
491	573
496	573
497	573
519	573
527	573
532	573
545	573
556	573
569	573
570	573
571	573
71	574
79	574
138	574
160	574
250	574
340	574
486	574
502	574
513	574
522	574
529	574
560	574
561	574
565	574
224	575
341	575
371	575
499	575
503	575
524	575
537	575
541	575
548	575
566	575
567	575
132	576
195	576
251	576
330	576
439	576
463	576
488	576
515	576
522	576
525	576
526	576
528	576
551	576
555	576
556	576
559	576
563	576
10	577
23	577
34	577
81	577
89	577
116	577
275	577
343	577
356	577
458	577
481	577
497	577
504	577
506	577
507	577
519	577
524	577
536	577
540	577
545	577
106	578
231	578
296	578
390	578
488	578
492	578
493	578
496	578
498	578
500	578
504	578
506	578
525	578
526	578
535	578
542	578
547	578
553	578
556	578
568	578
572	578
116	579
196	579
226	579
372	579
444	579
463	579
490	579
506	579
510	579
518	579
526	579
533	579
565	579
171	580
185	580
381	580
491	580
505	580
512	580
524	580
526	580
548	580
556	580
568	580
569	580
86	581
273	581
291	581
380	581
481	581
484	581
492	581
497	581
503	581
506	581
518	581
523	581
535	581
544	581
567	581
569	581
235	582
292	582
346	582
486	582
489	582
493	582
499	582
508	582
539	582
563	582
578	582
39	583
45	583
483	583
492	583
517	583
524	583
542	583
545	583
565	583
572	583
577	583
133	584
275	584
278	584
477	584
483	584
493	584
519	584
526	584
554	584
555	584
563	584
572	584
578	584
67	585
143	585
164	585
188	585
458	585
479	585
482	585
486	585
489	585
520	585
527	585
531	585
541	585
544	585
548	585
574	585
584	585
36	586
45	586
102	586
152	586
161	586
284	586
363	586
411	586
444	586
484	586
490	586
497	586
531	586
535	586
550	586
558	586
48	587
49	587
105	587
169	587
275	587
292	587
485	587
488	587
490	587
492	587
516	587
529	587
530	587
546	587
549	587
553	587
559	587
572	587
579	587
20	588
162	588
178	588
399	588
433	588
499	588
503	588
529	588
532	588
539	588
543	588
558	588
561	588
564	588
579	588
583	588
26	589
28	589
49	589
50	589
417	589
503	589
548	589
559	589
563	589
588	589
98	590
144	590
181	590
270	590
410	590
484	590
509	590
515	590
527	590
530	590
539	590
553	590
588	590
56	591
95	591
148	591
314	591
315	591
341	591
393	591
464	591
484	591
490	591
492	591
508	591
515	591
538	591
551	591
558	591
574	591
587	591
54	592
96	592
151	592
188	592
293	592
305	592
312	592
330	592
357	592
457	592
483	592
491	592
511	592
514	592
524	592
526	592
527	592
534	592
535	592
545	592
548	592
550	592
556	592
568	592
581	592
587	592
39	593
241	593
302	593
364	593
449	593
483	593
487	593
489	593
500	593
506	593
531	593
534	593
540	593
552	593
560	593
573	593
585	593
138	594
301	594
422	594
467	594
487	594
519	594
538	594
545	594
553	594
554	594
556	594
561	594
588	594
9	595
142	595
159	595
229	595
369	595
373	595
466	595
484	595
495	595
513	595
525	595
526	595
527	595
530	595
531	595
534	595
543	595
552	595
554	595
555	595
565	595
569	595
576	595
580	595
588	595
589	595
279	596
290	596
310	596
366	596
391	596
498	596
500	596
517	596
538	596
543	596
547	596
549	596
568	596
590	596
33	597
257	597
283	597
488	597
492	597
494	597
497	597
499	597
523	597
574	597
586	597
592	597
20	598
73	598
117	598
147	598
212	598
275	598
402	598
507	598
523	598
527	598
534	598
538	598
539	598
542	598
566	598
574	598
578	598
587	598
39	599
149	599
187	599
221	599
368	599
391	599
409	599
514	599
526	599
541	599
544	599
549	599
570	599
575	599
587	599
154	600
224	600
255	600
480	600
488	600
500	600
510	600
513	600
517	600
524	600
527	600
543	600
585	600
590	600
598	600
46	601
57	601
136	601
201	601
484	601
491	601
494	601
498	601
506	601
523	601
551	601
556	601
584	601
160	602
319	602
492	602
499	602
500	602
504	602
510	602
515	602
521	602
536	602
542	602
559	602
585	602
589	602
594	602
601	602
16	603
61	603
63	603
329	603
496	603
501	603
507	603
511	603
521	603
532	603
547	603
563	603
572	603
576	603
584	603
586	603
588	603
597	603
601	603
175	604
286	604
396	604
439	604
492	604
529	604
534	604
553	604
554	604
566	604
580	604
586	604
588	604
603	604
10	605
74	605
143	605
221	605
264	605
267	605
279	605
401	605
469	605
481	605
504	605
513	605
517	605
518	605
524	605
525	605
534	605
548	605
551	605
564	605
566	605
574	605
580	605
94	606
179	606
236	606
493	606
499	606
503	606
508	606
519	606
535	606
556	606
560	606
563	606
568	606
39	607
52	607
111	607
182	607
221	607
404	607
430	607
488	607
492	607
506	607
514	607
518	607
533	607
544	607
545	607
565	607
569	607
585	607
594	607
600	607
29	608
31	608
217	608
228	608
340	608
344	608
427	608
485	608
503	608
506	608
519	608
524	608
527	608
530	608
554	608
563	608
579	608
582	608
589	608
590	608
593	608
594	608
604	608
607	608
15	609
19	609
145	609
157	609
370	609
380	609
469	609
486	609
487	609
505	609
511	609
512	609
516	609
523	609
539	609
541	609
543	609
551	609
554	609
559	609
566	609
575	609
578	609
588	609
593	609
598	609
225	610
265	610
272	610
489	610
490	610
500	610
507	610
535	610
541	610
571	610
598	610
25	611
27	611
29	611
137	611
236	611
274	611
277	611
324	611
483	611
509	611
534	611
543	611
552	611
565	611
591	611
592	611
600	611
154	612
203	612
398	612
480	612
482	612
483	612
491	612
497	612
511	612
516	612
529	612
534	612
547	612
556	612
569	612
571	612
582	612
586	612
602	612
604	612
9	613
328	613
357	613
439	613
455	613
458	613
475	613
488	613
490	613
516	613
572	613
597	613
243	614
260	614
284	614
499	614
504	614
514	614
519	614
530	614
533	614
536	614
549	614
555	614
574	614
582	614
589	614
594	614
596	614
606	614
49	615
60	615
67	615
117	615
161	615
197	615
233	615
250	615
334	615
455	615
470	615
483	615
487	615
524	615
535	615
542	615
553	615
555	615
578	615
588	615
598	615
601	615
603	615
605	615
81	616
86	616
138	616
176	616
229	616
265	616
420	616
491	616
493	616
494	616
501	616
519	616
544	616
549	616
561	616
571	616
581	616
582	616
584	616
586	616
605	616
607	616
211	617
330	617
377	617
486	617
488	617
507	617
515	617
520	617
526	617
527	617
582	617
604	617
613	617
79	618
120	618
141	618
247	618
248	618
370	618
392	618
474	618
489	618
501	618
514	618
517	618
525	618
529	618
540	618
549	618
551	618
556	618
562	618
569	618
574	618
596	618
3	619
125	619
182	619
289	619
293	619
366	619
455	619
485	619
490	619
501	619
505	619
521	619
523	619
535	619
563	619
565	619
570	619
572	619
574	619
585	619
601	619
609	619
612	619
391	620
477	620
500	620
503	620
526	620
565	620
577	620
582	620
587	620
588	620
600	620
618	620
77	621
179	621
192	621
281	621
349	621
436	621
495	621
497	621
509	621
531	621
538	621
547	621
552	621
553	621
565	621
566	621
578	621
582	621
589	621
590	621
595	621
600	621
606	621
614	621
80	622
93	622
106	622
118	622
121	622
225	622
348	622
363	622
364	622
492	622
507	622
509	622
515	622
525	622
532	622
533	622
535	622
548	622
553	622
598	622
606	622
607	622
609	622
249	623
387	623
485	623
493	623
498	623
500	623
502	623
534	623
548	623
549	623
557	623
565	623
574	623
582	623
596	623
598	623
599	623
616	623
25	624
376	624
486	624
487	624
488	624
528	624
538	624
539	624
576	624
593	624
599	624
618	624
36	625
86	625
281	625
487	625
489	625
494	625
498	625
514	625
517	625
519	625
523	625
532	625
535	625
545	625
605	625
614	625
619	625
36	626
71	626
262	626
376	626
493	626
507	626
512	626
520	626
554	626
557	626
590	626
599	626
604	626
607	626
612	626
620	626
624	626
62	627
200	627
374	627
390	627
502	627
511	627
532	627
544	627
553	627
555	627
563	627
567	627
577	627
583	627
599	627
605	627
607	627
608	627
610	627
623	627
626	627
69	628
247	628
338	628
379	628
405	628
482	628
500	628
502	628
509	628
526	628
538	628
546	628
552	628
566	628
579	628
590	628
607	628
611	628
613	628
62	629
153	629
287	629
369	629
406	629
430	629
498	629
505	629
520	629
528	629
533	629
547	629
549	629
550	629
551	629
557	629
560	629
595	629
598	629
611	629
616	629
618	629
620	629
46	630
86	630
308	630
384	630
385	630
486	630
488	630
489	630
497	630
519	630
527	630
538	630
541	630
558	630
584	630
587	630
591	630
598	630
599	630
620	630
629	630
61	631
68	631
73	631
84	631
295	631
489	631
502	631
505	631
508	631
513	631
524	631
527	631
528	631
531	631
553	631
560	631
562	631
566	631
578	631
579	631
589	631
603	631
611	631
623	631
9	632
85	632
252	632
373	632
486	632
488	632
491	632
508	632
513	632
517	632
522	632
523	632
527	632
530	632
549	632
550	632
562	632
565	632
579	632
590	632
600	632
602	632
603	632
615	632
621	632
211	633
255	633
349	633
365	633
483	633
490	633
501	633
507	633
510	633
536	633
547	633
548	633
551	633
564	633
576	633
577	633
584	633
598	633
618	633
622	633
629	633
160	634
239	634
448	634
484	634
487	634
500	634
505	634
513	634
521	634
529	634
546	634
550	634
552	634
553	634
558	634
568	634
583	634
597	634
611	634
614	634
624	634
137	635
173	635
271	635
348	635
351	635
442	635
450	635
481	635
495	635
507	635
522	635
523	635
550	635
577	635
594	635
598	635
607	635
610	635
615	635
617	635
52	636
181	636
262	636
363	636
525	636
541	636
549	636
568	636
572	636
586	636
587	636
588	636
603	636
624	636
58	637
181	637
345	637
346	637
488	637
496	637
504	637
505	637
521	637
545	637
547	637
560	637
576	637
592	637
605	637
606	637
609	637
610	637
622	637
633	637
635	637
7	638
122	638
146	638
377	638
485	638
504	638
516	638
558	638
587	638
598	638
609	638
623	638
624	638
632	638
75	639
85	639
124	639
513	639
514	639
516	639
518	639
533	639
542	639
554	639
562	639
564	639
574	639
588	639
608	639
623	639
625	639
637	639
16	640
83	640
192	640
255	640
269	640
322	640
379	640
447	640
484	640
487	640
493	640
550	640
551	640
556	640
573	640
580	640
603	640
610	640
633	640
66	641
115	641
316	641
413	641
498	641
48	642
163	642
226	642
250	642
280	642
461	642
604	642
612	642
48	643
67	643
98	643
111	643
35	644
71	644
360	644
502	644
627	644
635	644
104	645
254	645
315	645
360	645
515	645
531	645
640	645
25	646
44	646
48	646
136	646
213	646
404	646
409	646
437	646
455	646
557	646
645	646
58	647
105	647
158	647
361	647
564	647
611	647
56	648
129	648
248	648
256	648
517	648
550	648
643	648
85	649
100	649
102	649
188	649
533	649
643	649
96	650
97	650
245	650
643	650
24	651
34	651
57	651
90	651
116	651
198	651
340	651
357	651
491	651
537	651
546	651
643	651
645	651
86	652
87	652
149	652
252	652
309	652
426	652
428	652
433	652
476	652
581	652
617	652
641	652
305	653
446	653
469	653
509	653
634	653
32	654
120	654
126	654
169	654
237	654
491	654
493	654
590	654
621	654
25	655
55	655
74	655
278	655
279	655
374	655
384	655
420	655
503	655
554	655
623	655
648	655
652	655
653	655
53	656
148	656
245	656
649	656
650	656
498	657
654	657
264	658
335	658
363	658
377	658
387	658
409	658
427	658
642	658
85	659
148	659
154	659
228	659
255	659
456	659
641	659
642	659
645	659
652	659
653	659
9	660
251	660
272	660
292	660
333	660
388	660
393	660
397	660
440	660
445	660
457	660
626	660
652	660
659	660
19	661
56	661
206	661
415	661
482	661
587	661
602	661
610	661
643	661
648	661
652	661
656	661
658	661
8	662
9	662
146	662
204	662
302	662
352	662
447	662
549	662
559	662
563	662
610	662
647	662
24	663
280	663
304	663
383	663
643	663
652	663
658	663
662	663
189	664
262	664
288	664
290	664
588	664
300	665
353	665
406	665
468	665
539	665
641	665
643	665
644	665
646	665
649	665
658	665
64	666
90	666
256	666
277	666
377	666
530	666
647	666
85	667
141	667
420	667
462	667
477	667
642	667
650	667
652	667
18	668
27	668
52	668
293	668
340	668
502	668
662	668
11	669
21	669
76	669
118	669
154	669
234	669
370	669
551	669
643	669
644	669
647	669
658	669
662	669
148	670
256	670
410	670
643	670
644	670
661	670
668	670
38	671
98	671
180	671
232	671
388	671
413	671
462	671
468	671
642	671
648	671
655	671
666	671
140	672
142	672
190	672
218	672
264	672
467	672
483	672
648	672
186	673
216	673
311	673
312	673
353	673
404	673
595	673
613	673
662	673
672	673
122	674
203	674
320	674
511	674
573	674
611	674
622	674
644	674
653	674
659	674
664	674
667	674
673	674
20	675
100	675
112	675
333	675
457	675
642	675
652	675
663	675
664	675
30	676
40	676
102	676
231	676
509	676
551	676
652	676
656	676
659	676
672	676
1	677
79	677
225	677
230	677
330	677
411	677
543	677
642	677
653	677
7	678
128	678
135	678
227	678
342	678
346	678
619	678
639	678
647	678
649	678
653	678
655	678
675	678
26	679
108	679
327	679
329	679
399	679
564	679
598	679
652	679
660	679
671	679
673	679
44	680
159	680
199	680
302	680
325	680
648	680
657	680
658	680
664	680
669	680
674	680
19	681
136	681
270	681
417	681
564	681
637	681
665	681
669	681
672	681
676	681
12	682
59	682
96	682
257	682
356	682
363	682
439	682
487	682
503	682
585	682
643	682
656	682
662	682
20	683
36	683
129	683
243	683
255	683
264	683
439	683
520	683
558	683
615	683
669	683
678	683
256	684
279	684
317	684
362	684
363	684
419	684
585	684
594	684
650	684
658	684
659	684
94	685
177	685
536	685
639	685
661	685
669	685
671	685
676	685
112	686
122	686
329	686
411	686
467	686
641	686
647	686
654	686
685	686
170	687
239	687
282	687
318	687
330	687
374	687
376	687
499	687
529	687
571	687
601	687
643	687
650	687
679	687
19	688
163	688
231	688
289	688
371	688
396	688
475	688
646	688
653	688
659	688
663	688
46	689
62	689
82	689
134	689
163	689
372	689
373	689
430	689
638	689
655	689
677	689
681	689
685	689
3	690
164	690
233	690
345	690
347	690
546	690
563	690
637	690
653	690
667	690
673	690
2	691
325	691
328	691
650	691
656	691
670	691
40	692
85	692
301	692
590	692
634	692
642	692
647	692
663	692
685	692
688	692
252	693
261	693
431	693
463	693
495	693
510	693
544	693
598	693
655	693
661	693
662	693
665	693
666	693
668	693
679	693
681	693
687	693
689	693
110	694
231	694
268	694
439	694
644	694
657	694
668	694
670	694
677	694
678	694
681	694
682	694
692	694
127	695
161	695
383	695
408	695
420	695
422	695
464	695
494	695
643	695
654	695
655	695
660	695
666	695
681	695
78	696
91	696
293	696
434	696
467	696
511	696
644	696
655	696
656	696
659	696
662	696
676	696
52	697
62	697
76	697
114	697
116	697
281	697
537	697
601	697
626	697
651	697
682	697
40	698
95	698
254	698
350	698
411	698
488	698
532	698
625	698
652	698
47	699
88	699
393	699
519	699
630	699
657	699
659	699
665	699
669	699
681	699
688	699
693	699
10	700
212	700
375	700
432	700
635	700
640	700
664	700
665	700
676	700
63	701
230	701
332	701
456	701
642	701
686	701
693	701
697	701
699	701
39	702
265	702
329	702
501	702
554	702
625	702
655	702
677	702
690	702
692	702
695	702
698	702
361	703
577	703
585	703
641	703
650	703
657	703
659	703
668	703
691	703
89	704
185	704
222	704
262	704
291	704
572	704
584	704
597	704
651	704
653	704
679	704
691	704
692	704
693	704
696	704
700	704
100	705
480	705
508	705
568	705
650	705
669	705
684	705
686	705
702	705
109	706
133	706
176	706
241	706
267	706
290	706
368	706
475	706
586	706
649	706
654	706
661	706
671	706
680	706
693	706
699	706
107	707
172	707
616	707
641	707
651	707
664	707
676	707
680	707
688	707
693	707
694	707
34	708
35	708
107	708
183	708
376	708
509	708
651	708
656	708
661	708
665	708
676	708
677	708
681	708
685	708
689	708
692	708
95	709
138	709
190	709
202	709
204	709
207	709
537	709
571	709
647	709
661	709
672	709
684	709
689	709
705	709
157	710
300	710
626	710
636	710
652	710
661	710
674	710
681	710
690	710
704	710
707	710
708	710
709	710
16	711
129	711
467	711
591	711
629	711
669	711
681	711
686	711
688	711
689	711
696	711
702	711
709	711
45	712
160	712
186	712
217	712
581	712
642	712
649	712
653	712
654	712
662	712
677	712
698	712
73	713
174	713
309	713
411	713
423	713
462	713
513	713
536	713
663	713
689	713
700	713
708	713
709	713
188	714
297	714
337	714
432	714
640	714
655	714
680	714
708	714
713	714
364	715
431	715
471	715
474	715
649	715
668	715
673	715
695	715
698	715
699	715
54	716
83	716
88	716
110	716
130	716
158	716
199	716
253	716
357	716
386	716
403	716
568	716
663	716
667	716
673	716
677	716
685	716
688	716
689	716
693	716
694	716
704	716
706	716
713	716
186	717
642	717
644	717
646	717
658	717
661	717
665	717
675	717
676	717
682	717
688	717
689	717
692	717
706	717
47	718
285	718
347	718
441	718
442	718
479	718
581	718
617	718
643	718
645	718
653	718
655	718
658	718
662	718
672	718
686	718
692	718
705	718
710	718
48	719
74	719
83	719
128	719
264	719
593	719
631	719
642	719
661	719
669	719
672	719
674	719
712	719
8	720
59	720
128	720
204	720
248	720
263	720
321	720
390	720
405	720
517	720
543	720
585	720
647	720
650	720
665	720
668	720
672	720
676	720
681	720
685	720
704	720
708	720
189	721
209	721
228	721
246	721
484	721
511	721
643	721
646	721
647	721
655	721
656	721
698	721
705	721
709	721
712	721
715	721
720	721
63	722
74	722
111	722
184	722
368	722
406	722
447	722
476	722
493	722
531	722
641	722
658	722
663	722
667	722
670	722
681	722
696	722
708	722
718	722
30	723
105	723
121	723
141	723
167	723
279	723
413	723
554	723
648	723
662	723
664	723
673	723
717	723
721	723
94	724
128	724
264	724
308	724
326	724
452	724
519	724
537	724
590	724
641	724
660	724
679	724
681	724
682	724
685	724
689	724
695	724
696	724
707	724
711	724
12	725
55	725
77	725
92	725
135	725
356	725
452	725
647	725
664	725
687	725
689	725
690	725
692	725
696	725
707	725
710	725
118	726
234	726
327	726
398	726
434	726
456	726
497	726
572	726
648	726
649	726
659	726
660	726
664	726
667	726
670	726
671	726
673	726
678	726
684	726
689	726
702	726
704	726
705	726
715	726
721	726
183	727
202	727
210	727
538	727
667	727
672	727
674	727
685	727
693	727
702	727
712	727
714	727
99	728
141	728
147	728
301	728
420	728
560	728
620	728
661	728
676	728
679	728
680	728
684	728
701	728
705	728
714	728
719	728
113	729
136	729
334	729
497	729
641	729
658	729
668	729
680	729
7	730
44	730
50	730
148	730
172	730
174	730
183	730
262	730
422	730
497	730
594	730
614	730
647	730
656	730
664	730
666	730
670	730
702	730
711	730
712	730
724	730
725	730
727	730
729	730
106	731
109	731
408	731
456	731
492	731
520	731
665	731
678	731
679	731
689	731
690	731
701	731
714	731
35	732
322	732
395	732
402	732
426	732
643	732
664	732
665	732
671	732
701	732
705	732
706	732
726	732
727	732
45	733
51	733
79	733
82	733
222	733
260	733
355	733
424	733
545	733
554	733
586	733
622	733
632	733
648	733
683	733
685	733
686	733
690	733
693	733
704	733
714	733
716	733
717	733
721	733
730	733
61	734
66	734
454	734
541	734
582	734
659	734
660	734
661	734
683	734
693	734
700	734
714	734
719	734
720	734
725	734
730	734
733	734
17	735
96	735
110	735
321	735
396	735
463	735
645	735
658	735
669	735
680	735
709	735
14	736
145	736
224	736
235	736
372	736
376	736
421	736
454	736
477	736
584	736
647	736
674	736
707	736
711	736
713	736
735	736
50	737
81	737
153	737
266	737
268	737
287	737
352	737
419	737
472	737
591	737
646	737
653	737
657	737
697	737
702	737
716	737
722	737
7	738
153	738
425	738
592	738
648	738
652	738
674	738
677	738
723	738
99	739
127	739
169	739
202	739
225	739
350	739
589	739
654	739
659	739
669	739
672	739
679	739
694	739
695	739
714	739
733	739
42	740
155	740
528	740
603	740
621	740
676	740
681	740
684	740
691	740
693	740
717	740
721	740
734	740
39	741
111	741
361	741
376	741
487	741
643	741
672	741
681	741
686	741
708	741
720	741
738	741
11	742
19	742
37	742
152	742
217	742
468	742
492	742
604	742
651	742
666	742
714	742
724	742
739	742
2	743
256	743
258	743
348	743
365	743
384	743
478	743
584	743
657	743
658	743
665	743
677	743
687	743
688	743
694	743
706	743
707	743
709	743
720	743
721	743
722	743
734	743
53	744
130	744
137	744
204	744
303	744
375	744
461	744
512	744
536	744
552	744
615	744
666	744
683	744
706	744
730	744
733	744
179	745
511	745
588	745
643	745
649	745
652	745
681	745
685	745
695	745
701	745
712	745
716	745
717	745
722	745
294	746
318	746
353	746
383	746
400	746
447	746
582	746
624	746
628	746
649	746
660	746
666	746
684	746
687	746
695	746
697	746
698	746
702	746
706	746
723	746
729	746
732	746
733	746
735	746
741	746
171	747
251	747
355	747
523	747
647	747
649	747
652	747
666	747
669	747
687	747
693	747
697	747
704	747
707	747
712	747
722	747
729	747
57	748
156	748
167	748
403	748
468	748
478	748
486	748
644	748
663	748
669	748
676	748
677	748
683	748
689	748
701	748
727	748
728	748
738	748
104	749
128	749
158	749
197	749
287	749
370	749
446	749
509	749
555	749
641	749
665	749
677	749
690	749
707	749
713	749
41	750
66	750
201	750
310	750
430	750
484	750
644	750
659	750
660	750
664	750
676	750
680	750
695	750
697	750
708	750
722	750
727	750
736	750
747	750
25	751
59	751
103	751
228	751
331	751
471	751
497	751
530	751
555	751
658	751
662	751
663	751
675	751
693	751
7	752
250	752
255	752
299	752
342	752
385	752
435	752
472	752
521	752
622	752
645	752
681	752
685	752
690	752
692	752
712	752
715	752
724	752
727	752
748	752
39	753
154	753
177	753
221	753
244	753
264	753
280	753
348	753
431	753
606	753
631	753
641	753
645	753
648	753
659	753
676	753
678	753
681	753
688	753
691	753
696	753
708	753
710	753
711	753
723	753
742	753
751	753
53	754
197	754
246	754
464	754
501	754
547	754
598	754
652	754
657	754
682	754
689	754
691	754
692	754
710	754
721	754
735	754
740	754
741	754
742	754
747	754
750	754
753	754
29	755
108	755
402	755
554	755
667	755
668	755
677	755
678	755
711	755
724	755
734	755
753	755
114	756
232	756
419	756
649	756
650	756
661	756
679	756
682	756
684	756
700	756
713	756
715	756
739	756
64	757
142	757
151	757
168	757
189	757
195	757
229	757
280	757
291	757
335	757
412	757
442	757
502	757
505	757
645	757
647	757
652	757
653	757
655	757
693	757
701	757
709	757
712	757
716	757
717	757
729	757
737	757
27	758
168	758
212	758
259	758
427	758
642	758
646	758
652	758
669	758
674	758
676	758
697	758
701	758
714	758
719	758
729	758
744	758
750	758
751	758
754	758
755	758
76	759
78	759
126	759
319	759
354	759
494	759
540	759
601	759
644	759
650	759
659	759
674	759
676	759
690	759
694	759
705	759
708	759
713	759
724	759
735	759
739	759
123	760
357	760
521	760
553	760
641	760
659	760
660	760
666	760
685	760
687	760
690	760
707	760
716	760
720	760
734	760
59	761
228	761
331	761
488	761
644	761
667	761
673	761
693	761
700	761
704	761
728	761
730	761
736	761
122	762
297	762
366	762
467	762
505	762
661	762
664	762
690	762
695	762
713	762
743	762
400	763
406	763
478	763
526	763
534	763
617	763
650	763
654	763
657	763
685	763
686	763
695	763
702	763
704	763
706	763
715	763
720	763
734	763
735	763
739	763
747	763
751	763
755	763
758	763
179	764
222	764
260	764
450	764
577	764
642	764
643	764
649	764
656	764
663	764
689	764
714	764
727	764
739	764
742	764
749	764
755	764
756	764
4	765
77	765
116	765
136	765
246	765
445	765
453	765
518	765
563	765
647	765
654	765
703	765
719	765
737	765
740	765
741	765
752	765
55	766
167	766
255	766
263	766
313	766
329	766
570	766
609	766
650	766
652	766
672	766
680	766
711	766
714	766
719	766
729	766
737	766
742	766
744	766
754	766
58	767
69	767
342	767
411	767
474	767
523	767
644	767
645	767
669	767
675	767
681	767
682	767
693	767
707	767
715	767
717	767
719	767
744	767
757	767
760	767
453	768
510	768
668	768
675	768
683	768
698	768
699	768
708	768
719	768
720	768
726	768
741	768
742	768
746	768
757	768
760	768
2	769
104	769
168	769
314	769
400	769
448	769
507	769
586	769
670	769
674	769
675	769
692	769
697	769
698	769
699	769
708	769
729	769
750	769
754	769
755	769
758	769
25	770
48	770
82	770
157	770
228	770
381	770
411	770
646	770
659	770
662	770
665	770
666	770
671	770
691	770
694	770
701	770
711	770
712	770
741	770
762	770
763	770
769	770
92	771
295	771
343	771
350	771
382	771
680	771
683	771
691	771
703	771
713	771
725	771
742	771
761	771
763	771
131	772
331	772
356	772
489	772
508	772
556	772
591	772
649	772
652	772
656	772
657	772
723	772
746	772
760	772
765	772
768	772
151	773
498	773
522	773
526	773
607	773
624	773
642	773
663	773
668	773
671	773
673	773
676	773
696	773
697	773
698	773
720	773
732	773
740	773
747	773
762	773
765	773
118	774
126	774
130	774
152	774
333	774
364	774
426	774
527	774
615	774
642	774
656	774
657	774
667	774
674	774
679	774
683	774
696	774
700	774
703	774
710	774
731	774
741	774
749	774
768	774
7	775
146	775
228	775
314	775
524	775
623	775
641	775
649	775
650	775
662	775
668	775
669	775
673	775
695	775
697	775
698	775
713	775
729	775
755	775
762	775
769	775
64	776
365	776
461	776
516	776
685	776
690	776
724	776
725	776
729	776
754	776
771	776
16	777
19	777
33	777
40	777
120	777
366	777
564	777
580	777
679	777
690	777
691	777
694	777
698	777
701	777
717	777
744	777
753	777
754	777
761	777
763	777
767	777
769	777
773	777
34	778
186	778
208	778
422	778
429	778
517	778
542	778
663	778
667	778
674	778
675	778
677	778
679	778
688	778
742	778
747	778
748	778
756	778
768	778
771	778
773	778
21	779
117	779
183	779
194	779
345	779
499	779
547	779
642	779
651	779
653	779
656	779
673	779
686	779
709	779
713	779
719	779
731	779
732	779
735	779
739	779
742	779
745	779
747	779
762	779
776	779
9	780
83	780
89	780
111	780
116	780
253	780
394	780
431	780
485	780
551	780
650	780
652	780
693	780
705	780
710	780
749	780
768	780
771	780
772	780
773	780
775	780
778	780
42	781
202	781
255	781
294	781
378	781
415	781
563	781
647	781
655	781
660	781
661	781
668	781
699	781
701	781
716	781
721	781
733	781
740	781
743	781
745	781
749	781
750	781
753	781
769	781
771	781
778	781
779	781
113	782
182	782
215	782
356	782
478	782
533	782
535	782
565	782
653	782
656	782
700	782
703	782
709	782
720	782
734	782
740	782
747	782
749	782
752	782
760	782
256	783
643	783
646	783
655	783
661	783
671	783
682	783
684	783
688	783
700	783
709	783
718	783
720	783
753	783
760	783
763	783
764	783
81	784
207	784
237	784
330	784
412	784
659	784
664	784
671	784
678	784
689	784
699	784
703	784
708	784
709	784
716	784
717	784
722	784
723	784
725	784
729	784
730	784
732	784
734	784
736	784
764	784
767	784
771	784
777	784
11	785
27	785
225	785
311	785
334	785
509	785
596	785
650	785
664	785
688	785
696	785
700	785
709	785
725	785
743	785
746	785
756	785
769	785
23	786
329	786
382	786
388	786
391	786
482	786
615	786
641	786
646	786
652	786
670	786
689	786
692	786
703	786
714	786
735	786
743	786
759	786
768	786
775	786
781	786
194	787
195	787
381	787
384	787
493	787
513	787
532	787
604	787
655	787
664	787
665	787
666	787
671	787
672	787
684	787
703	787
710	787
713	787
714	787
728	787
733	787
739	787
754	787
764	787
765	787
767	787
770	787
129	788
257	788
269	788
326	788
382	788
468	788
579	788
655	788
656	788
666	788
680	788
689	788
693	788
719	788
723	788
735	788
743	788
759	788
761	788
771	788
772	788
776	788
782	788
239	789
380	789
435	789
658	789
673	789
674	789
681	789
688	789
719	789
729	789
739	789
745	789
764	789
68	790
104	790
322	790
372	790
405	790
639	790
645	790
668	790
671	790
688	790
708	790
711	790
712	790
714	790
715	790
724	790
743	790
746	790
747	790
749	790
758	790
760	790
762	790
774	790
780	790
15	791
40	791
106	791
173	791
264	791
593	791
661	791
689	791
699	791
701	791
726	791
729	791
764	791
777	791
784	791
785	791
787	791
788	791
3	792
235	792
313	792
423	792
467	792
562	792
599	792
650	792
659	792
664	792
687	792
691	792
701	792
702	792
752	792
759	792
780	792
86	793
161	793
433	793
649	793
673	793
687	793
714	793
717	793
719	793
729	793
734	793
752	793
757	793
770	793
774	793
786	793
297	794
302	794
337	794
402	794
459	794
648	794
650	794
653	794
659	794
665	794
689	794
707	794
713	794
732	794
739	794
743	794
746	794
748	794
754	794
758	794
777	794
778	794
45	795
129	795
130	795
169	795
302	795
375	795
445	795
455	795
632	795
695	795
698	795
700	795
721	795
724	795
736	795
738	795
757	795
760	795
761	795
774	795
178	796
185	796
249	796
263	796
302	796
472	796
642	796
646	796
677	796
696	796
724	796
746	796
750	796
766	796
791	796
185	797
338	797
354	797
410	797
531	797
659	797
667	797
694	797
718	797
719	797
747	797
750	797
751	797
753	797
757	797
790	797
792	797
29	798
42	798
146	798
147	798
197	798
201	798
213	798
223	798
281	798
289	798
431	798
436	798
499	798
557	798
613	798
643	798
723	798
741	798
743	798
746	798
752	798
756	798
765	798
770	798
787	798
125	799
134	799
164	799
207	799
246	799
655	799
664	799
668	799
671	799
672	799
686	799
689	799
692	799
696	799
699	799
707	799
717	799
723	799
731	799
746	799
763	799
774	799
67	800
133	800
371	800
436	800
653	800
657	800
658	800
668	800
669	800
671	800
680	800
694	800
695	800
699	800
700	800
703	800
704	800
709	800
719	800
720	800
723	800
730	800
732	800
765	800
777	800
787	800
