1	2
2	7
6	7
2	8
3	9
4	12
11	12
4	15
5	15
6	15
13	15
3	16
12	17
14	17
8	18
14	18
11	19
15	19
18	19
6	20
18	20
3	21
5	21
6	22
16	22
20	23
3	24
10	24
2	25
3	25
25	26
2	27
10	28
14	28
10	29
24	29
19	30
21	30
22	30
4	31
7	31
14	31
30	31
4	32
17	32
22	32
1	33
2	33
12	33
10	34
13	34
23	34
30	34
7	35
8	35
14	35
18	35
19	36
30	36
16	37
2	38
6	38
11	38
25	38
28	38
32	38
34	38
21	39
22	39
35	39
1	40
25	40
34	40
2	41
10	41
16	41
22	41
28	41
37	41
39	41
4	42
8	42
23	43
28	43
8	44
37	44
42	44
9	45
13	46
32	46
2	47
12	47
24	47
32	47
46	47
2	48
5	48
12	48
31	48
35	48
37	48
8	49
11	49
13	49
14	49
23	49
24	49
44	49
18	50
22	50
24	50
25	50
26	50
30	50
41	50
2	51
30	51
31	51
34	51
45	51
6	52
25	52
38	52
1	53
8	53
12	53
28	53
34	53
37	53
5	54
24	54
25	54
36	54
38	54
17	55
25	55
30	55
32	55
33	55
35	55
43	55
10	56
17	56
45	56
10	57
32	57
42	57
56	57
5	58
10	58
34	58
38	58
39	58
43	58
11	59
16	59
34	59
36	59
42	59
49	59
53	59
54	59
58	59
6	60
12	60
11	61
15	61
29	61
33	61
38	61
51	61
30	62
52	62
9	63
23	63
25	63
34	63
39	63
47	63
48	63
57	63
2	64
7	64
13	64
29	64
62	64
8	65
18	65
21	65
49	65
19	66
20	66
24	66
25	66
27	66
35	66
39	66
46	66
47	66
13	67
18	67
30	67
34	67
43	67
55	67
62	67
63	67
18	68
28	68
50	68
51	68
63	68
66	68
3	69
31	69
33	69
58	69
10	70
12	70
20	70
21	70
26	70
56	70
7	71
10	71
28	71
32	71
37	71
43	71
13	72
49	72
68	72
70	72
71	72
7	73
8	73
37	73
63	73
4	74
5	74
15	74
26	74
27	74
57	74
60	74
63	74
32	75
43	75
49	75
62	75
64	75
66	75
68	75
7	76
18	76
31	76
33	76
43	76
66	76
1	77
2	77
29	77
37	77
62	77
71	77
1	78
7	78
15	78
18	78
31	78
50	78
62	78
71	78
77	78
1	79
2	79
9	79
15	79
28	79
33	79
36	79
42	79
54	79
65	79
71	79
16	80
20	80
22	80
39	80
49	80
63	80
65	80
77	80
24	81
29	81
38	81
42	81
45	81
46	81
75	81
78	81
11	82
15	82
16	82
18	82
1	83
19	83
24	83
27	83
50	83
68	83
1	84
19	84
41	84
44	84
52	84
56	84
57	84
63	84
70	84
13	85
38	85
46	85
55	85
80	85
6	86
16	86
29	86
30	86
32	86
40	86
42	86
57	86
59	86
60	86
63	86
79	86
11	87
36	87
44	87
56	87
65	87
12	88
15	88
32	88
40	88
46	88
47	88
59	88
68	88
77	88
86	88
1	89
3	89
11	89
29	89
37	89
47	89
48	89
51	89
61	89
73	89
75	89
80	89
7	90
12	90
18	90
21	90
32	90
46	90
59	90
60	90
76	90
81	90
85	90
89	90
27	91
34	91
42	91
54	91
55	91
58	91
63	91
66	91
72	91
73	91
79	91
82	91
19	92
28	92
39	92
42	92
47	92
54	92
64	92
67	92
74	92
85	92
3	93
12	93
15	93
22	93
29	93
41	93
67	93
83	93
91	93
3	94
11	94
48	94
53	94
70	94
84	94
87	94
92	94
29	95
35	95
52	95
73	95
87	95
12	96
31	96
50	96
52	96
71	96
77	96
80	96
1	97
10	97
22	97
33	97
42	97
46	97
56	97
86	97
90	97
7	98
17	98
32	98
40	98
48	98
58	98
62	98
66	98
71	98
78	98
84	98
10	99
14	99
27	99
50	99
54	99
64	99
85	99
7	100
29	100
35	100
41	100
47	100
64	100
74	100
77	100
84	100
1	101
5	101
6	101
12	101
15	101
24	101
30	101
45	101
63	101
68	101
74	101
81	101
82	101
83	101
84	101
86	101
87	101
1	102
12	102
23	102
33	102
39	102
66	102
72	102
89	102
98	102
9	103
23	103
24	103
26	103
30	103
34	103
41	103
51	103
52	103
63	103
74	103
82	103
92	103
101	103
4	104
11	104
15	104
35	104
40	104
43	104
49	104
51	104
62	104
64	104
82	104
91	104
103	104
7	105
10	105
43	105
47	105
59	105
81	105
84	105
87	105
88	105
100	105
7	106
25	106
47	106
60	106
61	106
68	106
70	106
10	107
15	107
22	107
28	107
33	107
49	107
53	107
59	107
63	107
65	107
86	107
100	107
103	107
11	108
19	108
24	108
38	108
41	108
44	108
54	108
73	108
84	108
87	108
94	108
98	108
105	108
6	109
22	109
23	109
35	109
42	109
67	109
75	109
78	109
103	109
4	110
13	110
14	110
18	110
25	110
26	110
39	110
43	110
53	110
75	110
90	110
2	111
16	111
25	111
42	111
61	111
90	111
92	111
93	111
98	111
109	111
1	112
19	112
46	112
51	112
52	112
72	112
81	112
91	112
102	112
110	112
19	113
31	113
34	113
36	113
66	113
71	113
85	113
12	114
13	114
16	114
29	114
33	114
47	114
65	114
75	114
80	114
95	114
100	114
2	115
23	115
32	115
66	115
75	115
107	115
1	116
37	116
38	116
59	116
63	116
74	116
75	116
95	116
96	116
98	116
101	116
106	116
1	117
4	117
10	117
13	117
22	117
30	117
32	117
33	117
40	117
45	117
73	117
76	117
86	117
87	117
103	117
108	117
11	118
15	118
18	118
29	118
39	118
94	118
98	118
107	118
7	119
11	119
21	119
39	119
57	119
58	119
60	119
89	119
110	119
118	119
13	120
31	120
63	120
66	120
69	120
71	120
73	120
82	120
91	120
112	120
4	121
13	121
15	121
36	121
65	121
82	121
84	121
99	121
107	121
9	122
17	122
27	122
44	122
55	122
60	122
64	122
67	122
91	122
99	122
109	122
112	122
114	122
19	123
48	123
52	123
57	123
63	123
77	123
78	123
85	123
98	123
99	123
101	123
107	123
1	124
15	124
20	124
27	124
35	124
37	124
45	124
46	124
62	124
67	124
81	124
118	124
122	124
4	125
9	125
30	125
33	125
46	125
48	125
67	125
104	125
105	125
106	125
110	125
29	126
45	126
51	126
55	126
64	126
66	126
70	126
84	126
88	126
91	126
95	126
96	126
101	126
105	126
116	126
120	126
16	127
33	127
34	127
38	127
57	127
63	127
92	127
97	127
110	127
111	127
18	128
21	128
22	128
27	128
31	128
37	128
44	128
50	128
72	128
81	128
95	128
103	128
110	128
117	128
16	129
20	129
42	129
47	129
69	129
90	129
108	129
119	129
121	129
126	129
127	129
9	130
31	130
34	130
36	130
47	130
72	130
84	130
92	130
93	130
103	130
110	130
1	131
18	131
20	131
38	131
53	131
76	131
81	131
82	131
99	131
101	131
103	131
111	131
112	131
113	131
115	131
122	131
129	131
8	132
22	132
27	132
30	132
32	132
42	132
64	132
66	132
74	132
98	132
106	132
4	133
5	133
24	133
40	133
54	133
65	133
90	133
99	133
132	133
7	134
12	134
31	134
34	134
39	134
57	134
88	134
91	134
113	134
114	134
115	134
130	134
132	134
1	135
7	135
14	135
23	135
36	135
42	135
52	135
54	135
71	135
80	135
81	135
86	135
92	135
103	135
104	135
10	136
25	136
27	136
34	136
40	136
44	136
48	136
56	136
65	136
94	136
102	136
106	136
107	136
108	136
110	136
112	136
116	136
6	137
8	137
10	137
18	137
21	137
26	137
30	137
43	137
79	137
81	137
86	137
88	137
106	137
109	137
131	137
135	137
136	137
3	138
11	138
15	138
36	138
43	138
50	138
52	138
65	138
66	138
72	138
103	138
122	138
126	138
12	139
37	139
62	139
100	139
111	139
132	139
133	139
134	139
29	140
37	140
44	140
56	140
63	140
68	140
69	140
77	140
82	140
102	140
108	140
113	140
115	140
118	140
126	140
128	140
129	140
139	140
3	141
4	141
20	141
22	141
26	141
45	141
50	141
53	141
55	141
64	141
67	141
94	141
109	141
112	141
127	141
8	142
9	142
13	142
38	142
42	142
51	142
53	142
63	142
76	142
80	142
84	142
90	142
105	142
110	142
129	142
8	143
13	143
21	143
28	143
34	143
38	143
46	143
48	143
53	143
55	143
61	143
63	143
79	143
109	143
111	143
122	143
139	143
19	144
21	144
29	144
30	144
36	144
39	144
41	144
44	144
63	144
87	144
95	144
97	144
99	144
101	144
102	144
124	144
130	144
134	144
138	144
140	144
7	145
10	145
47	145
48	145
51	145
66	145
96	145
102	145
106	145
115	145
121	145
143	145
8	146
20	146
42	146
129	146
130	146
137	146
5	147
6	147
8	147
10	147
11	147
24	147
27	147
29	147
45	147
52	147
69	147
82	147
100	147
117	147
120	147
121	147
125	147
132	147
142	147
1	148
6	148
18	148
27	148
30	148
31	148
36	148
44	148
59	148
60	148
107	148
112	148
121	148
122	148
125	148
128	148
129	148
130	148
132	148
137	148
143	148
12	149
16	149
21	149
26	149
27	149
36	149
46	149
60	149
70	149
73	149
77	149
106	149
118	149
123	149
133	149
135	149
10	150
34	150
36	150
51	150
63	150
65	150
71	150
75	150
85	150
86	150
93	150
94	150
99	150
112	150
122	150
18	151
28	151
35	151
36	151
39	151
42	151
66	151
75	151
77	151
91	151
115	151
116	151
131	151
132	151
133	151
138	151
142	151
148	151
45	152
61	152
76	152
79	152
82	152
84	152
87	152
97	152
100	152
108	152
110	152
121	152
135	152
6	153
25	153
31	153
40	153
41	153
49	153
64	153
65	153
78	153
83	153
93	153
101	153
114	153
129	153
139	153
145	153
146	153
4	154
7	154
12	154
16	154
28	154
64	154
65	154
67	154
69	154
80	154
92	154
97	154
118	154
10	155
14	155
36	155
62	155
84	155
97	155
99	155
101	155
112	155
122	155
124	155
133	155
148	155
7	156
11	156
15	156
20	156
23	156
30	156
32	156
36	156
39	156
50	156
54	156
57	156
66	156
76	156
77	156
82	156
95	156
98	156
113	156
114	156
118	156
130	156
5	157
6	157
15	157
16	157
24	157
61	157
65	157
83	157
113	157
120	157
130	157
142	157
148	157
1	158
9	158
17	158
19	158
63	158
66	158
67	158
70	158
108	158
126	158
148	158
150	158
151	158
9	159
16	159
23	159
25	159
42	159
54	159
70	159
72	159
81	159
84	159
89	159
94	159
117	159
127	159
130	159
133	159
146	159
148	159
150	159
154	159
3	160
4	160
13	160
24	160
27	160
37	160
40	160
48	160
75	160
89	160
114	160
119	160
121	160
125	160
142	160
9	161
16	161
41	161
47	161
51	161
62	161
70	161
75	161
82	161
90	161
94	161
96	161
100	161
143	161
155	161
160	161
12	162
13	162
35	162
36	162
43	162
46	162
77	162
94	162
104	162
124	162
135	162
147	162
151	162
159	162
27	163
50	163
89	163
97	163
99	163
104	163
105	163
109	163
127	163
145	163
155	163
26	164
27	164
60	164
67	164
69	164
86	164
90	164
92	164
111	164
113	164
118	164
119	164
126	164
133	164
135	164
155	164
158	164
161	164
13	165
14	165
20	165
23	165
34	165
53	165
54	165
57	165
62	165
68	165
71	165
78	165
94	165
122	165
127	165
129	165
140	165
154	165
159	165
4	166
5	166
6	166
29	166
32	166
68	166
91	166
94	166
96	166
100	166
109	166
117	166
121	166
129	166
140	166
156	166
161	166
5	167
19	167
30	167
64	167
66	167
93	167
105	167
111	167
124	167
143	167
160	167
1	168
15	168
37	168
57	168
62	168
71	168
79	168
87	168
98	168
129	168
133	168
134	168
135	168
137	168
150	168
164	168
10	169
12	169
14	169
21	169
47	169
68	169
81	169
83	169
107	169
113	169
132	169
139	169
143	169
161	169
165	169
3	170
5	170
18	170
24	170
29	170
42	170
47	170
53	170
64	170
65	170
74	170
79	170
85	170
89	170
101	170
108	170
128	170
135	170
141	170
145	170
146	170
150	170
153	170
156	170
158	170
166	170
14	171
20	171
33	171
49	171
56	171
64	171
66	171
75	171
77	171
80	171
90	171
101	171
120	171
132	171
134	171
147	171
152	171
156	171
167	171
3	172
6	172
24	172
40	172
45	172
55	172
67	172
85	172
109	172
112	172
129	172
132	172
151	172
153	172
154	172
155	172
9	173
20	173
31	173
33	173
42	173
48	173
63	173
85	173
89	173
126	173
127	173
135	173
142	173
151	173
158	173
171	173
2	174
18	174
23	174
30	174
53	174
58	174
63	174
101	174
106	174
110	174
112	174
142	174
145	174
159	174
10	175
20	175
21	175
29	175
46	175
47	175
64	175
74	175
83	175
96	175
101	175
106	175
111	175
123	175
148	175
153	175
160	175
168	175
39	176
42	176
64	176
65	176
67	176
71	176
76	176
83	176
94	176
96	176
110	176
121	176
139	176
154	176
158	176
159	176
3	177
5	177
8	177
16	177
28	177
56	177
57	177
65	177
72	177
76	177
92	177
93	177
99	177
106	177
131	177
137	177
141	177
143	177
154	177
157	177
158	177
159	177
166	177
14	178
16	178
47	178
55	178
64	178
71	178
73	178
77	178
84	178
85	178
93	178
97	178
106	178
107	178
125	178
127	178
146	178
160	178
176	178
18	179
29	179
32	179
37	179
44	179
55	179
82	179
116	179
117	179
129	179
133	179
17	180
30	180
32	180
33	180
54	180
65	180
92	180
100	180
105	180
106	180
121	180
128	180
131	180
136	180
155	180
157	180
165	180
11	181
24	181
35	181
43	181
44	181
47	181
64	181
87	181
97	181
99	181
101	181
107	181
112	181
122	181
126	181
132	181
136	181
153	181
176	181
11	182
12	182
33	182
45	182
49	182
58	182
71	182
79	182
86	182
89	182
96	182
98	182
99	182
124	182
129	182
143	182
150	182
2	183
13	183
19	183
32	183
40	183
49	183
61	183
76	183
77	183
80	183
83	183
124	183
131	183
175	183
180	183
5	184
10	184
34	184
42	184
45	184
56	184
59	184
60	184
70	184
89	184
90	184
116	184
136	184
179	184
181	184
20	185
28	185
38	185
42	185
44	185
49	185
53	185
54	185
58	185
63	185
72	185
75	185
81	185
102	185
130	185
146	185
153	185
170	185
181	185
182	185
32	186
40	186
66	186
79	186
80	186
112	186
150	186
159	186
162	186
165	186
179	186
16	187
18	187
33	187
39	187
40	187
42	187
44	187
45	187
55	187
60	187
67	187
70	187
95	187
103	187
104	187
123	187
137	187
161	187
171	187
183	187
7	188
11	188
13	188
16	188
47	188
57	188
58	188
92	188
118	188
134	188
136	188
139	188
155	188
170	188
172	188
183	188
185	188
8	189
23	189
29	189
30	189
31	189
38	189
50	189
92	189
103	189
113	189
141	189
154	189
156	189
176	189
8	190
17	190
23	190
26	190
32	190
40	190
57	190
96	190
101	190
106	190
113	190
117	190
118	190
142	190
148	190
156	190
187	190
6	191
15	191
50	191
61	191
74	191
75	191
85	191
93	191
97	191
98	191
104	191
114	191
117	191
120	191
122	191
125	191
135	191
150	191
152	191
160	191
167	191
168	191
170	191
182	191
190	191
1	192
13	192
18	192
33	192
40	192
56	192
57	192
79	192
87	192
91	192
97	192
98	192
125	192
139	192
144	192
146	192
147	192
150	192
153	192
159	192
172	192
189	192
1	193
6	193
13	193
15	193
16	193
17	193
34	193
43	193
50	193
62	193
63	193
77	193
94	193
97	193
103	193
123	193
132	193
141	193
148	193
192	193
3	194
7	194
17	194
20	194
32	194
36	194
53	194
59	194
88	194
90	194
94	194
108	194
110	194
112	194
118	194
119	194
130	194
139	194
141	194
142	194
149	194
152	194
155	194
175	194
188	194
6	195
27	195
31	195
35	195
40	195
45	195
60	195
68	195
82	195
83	195
95	195
105	195
107	195
125	195
134	195
139	195
145	195
146	195
148	195
185	195
188	195
7	196
19	196
31	196
47	196
53	196
81	196
86	196
88	196
90	196
94	196
112	196
121	196
139	196
141	196
160	196
173	196
186	196
192	196
20	197
43	197
55	197
60	197
62	197
68	197
81	197
94	197
95	197
110	197
115	197
126	197
138	197
140	197
143	197
153	197
174	197
179	197
191	197
193	197
7	198
14	198
19	198
35	198
39	198
51	198
72	198
77	198
89	198
93	198
94	198
100	198
102	198
110	198
129	198
137	198
149	198
150	198
156	198
167	198
184	198
193	198
197	198
3	199
8	199
16	199
17	199
19	199
38	199
45	199
51	199
55	199
58	199
78	199
95	199
97	199
98	199
111	199
114	199
119	199
139	199
141	199
142	199
164	199
166	199
174	199
176	199
177	199
179	199
180	199
182	199
185	199
188	199
34	200
42	200
49	200
58	200
59	200
68	200
75	200
79	200
81	200
109	200
110	200
112	200
122	200
143	200
163	200
198	200
117	201
167	201
170	201
71	202
18	204
43	204
153	205
201	205
203	205
27	206
144	206
188	206
202	206
204	206
205	206
65	207
197	207
203	207
150	208
32	209
92	209
178	209
44	210
113	210
121	210
204	210
208	210
142	212
148	212
206	212
37	213
156	213
200	213
62	214
110	214
120	214
201	214
205	214
209	214
212	214
30	215
194	215
205	215
33	216
90	216
206	216
212	216
215	216
213	217
9	218
205	218
89	219
96	219
211	219
60	220
135	220
208	220
211	220
5	221
184	221
201	221
215	221
220	221
36	222
143	222
150	222
216	222
86	223
118	223
142	223
156	223
219	223
1	224
147	224
204	224
16	225
117	225
178	225
102	226
146	226
211	226
213	226
10	227
195	227
201	227
204	227
212	227
224	227
125	228
210	228
216	228
218	228
112	229
194	229
216	229
218	229
219	229
222	229
208	230
209	230
213	230
214	230
217	230
219	230
229	230
225	231
226	231
208	232
214	232
221	232
225	232
230	232
231	232
99	233
201	233
203	233
205	233
211	233
213	233
228	233
231	233
42	234
215	234
216	234
219	234
221	234
226	234
107	235
182	235
221	235
109	236
167	236
204	236
209	236
217	236
218	236
115	237
135	237
170	237
215	237
105	238
139	238
193	238
202	238
213	238
204	239
213	239
214	239
9	240
14	240
63	240
206	240
232	240
237	240
148	241
210	241
234	241
3	242
173	242
228	242
233	242
13	243
25	243
168	243
204	243
228	243
169	244
205	244
211	244
226	244
235	244
137	245
139	245
208	245
212	245
216	245
234	245
49	246
91	246
107	246
135	246
178	246
185	246
211	246
221	246
223	246
234	246
239	246
244	246
23	247
214	247
222	247
224	247
245	247
24	248
168	248
200	248
201	248
210	248
232	248
242	248
107	249
165	249
203	249
219	249
233	249
41	250
203	250
210	250
214	250
215	250
233	250
246	250
43	251
136	251
220	251
227	251
239	251
244	251
248	251
26	252
227	252
234	252
245	252
249	252
150	253
178	253
206	253
209	253
210	253
226	253
232	253
234	253
241	253
243	253
203	254
210	254
212	254
239	254
241	254
119	255
179	255
201	255
204	255
217	255
49	256
176	256
201	256
221	256
226	256
239	256
244	256
250	256
33	257
89	257
111	257
152	257
204	257
213	257
220	257
222	257
236	257
239	257
243	257
250	257
255	257
256	257
23	258
93	258
202	258
209	258
219	258
224	258
227	258
243	258
244	258
246	258
57	259
97	259
140	259
204	259
205	259
206	259
212	259
217	259
223	259
258	259
78	260
113	260
220	260
229	260
236	260
237	260
244	260
45	261
73	261
208	261
235	261
247	261
254	261
97	262
157	262
185	262
207	262
223	262
225	262
252	262
259	262
107	263
211	263
214	263
218	263
222	263
236	263
252	263
255	263
259	263
213	264
223	264
234	264
235	264
245	264
203	265
224	265
228	265
252	265
254	265
259	265
35	266
116	266
166	266
184	266
211	266
222	266
228	266
230	266
235	266
246	266
254	266
259	266
182	267
184	267
202	267
203	267
228	267
229	267
244	267
10	268
205	268
208	268
212	268
215	268
228	268
230	268
251	268
253	268
255	268
259	268
127	269
172	269
215	269
230	269
247	269
255	269
205	270
210	270
218	270
222	270
226	270
233	270
234	270
249	270
264	270
265	270
71	271
194	271
204	271
215	271
236	271
259	271
264	271
207	272
214	272
222	272
227	272
246	272
250	272
254	272
209	273
214	273
225	273
249	273
251	273
266	273
118	274
208	274
224	274
225	274
249	274
257	274
273	274
17	275
70	275
153	275
194	275
203	275
207	275
218	275
233	275
257	275
260	275
273	275
135	276
200	276
230	276
241	276
258	276
110	277
161	277
205	277
209	277
210	277
211	277
221	277
228	277
229	277
245	277
247	277
275	277
202	278
212	278
216	278
227	278
233	278
238	278
276	278
216	279
222	279
233	279
236	279
242	279
256	279
263	279
269	279
275	279
276	279
28	280
78	280
90	280
180	280
204	280
212	280
216	280
217	280
219	280
230	280
235	280
239	280
240	280
241	280
243	280
247	280
264	280
14	281
98	281
142	281
203	281
206	281
214	281
216	281
219	281
229	281
231	281
237	281
239	281
250	281
265	281
268	281
271	281
272	281
279	281
141	282
190	282
212	282
219	282
225	282
226	282
234	282
236	282
244	282
262	282
263	282
266	282
274	282
275	282
173	283
230	283
232	283
246	283
263	283
273	283
278	283
57	284
78	284
213	284
233	284
236	284
239	284
268	284
269	284
277	284
219	285
221	285
225	285
226	285
230	285
251	285
257	285
276	285
277	285
278	285
94	286
146	286
209	286
245	286
260	286
166	287
201	287
205	287
208	287
214	287
218	287
223	287
226	287
238	287
246	287
259	287
266	287
275	287
281	287
138	288
203	288
213	288
215	288
216	288
225	288
252	288
267	288
273	288
278	288
284	288
57	289
82	289
158	289
209	289
224	289
230	289
233	289
243	289
249	289
252	289
254	289
277	289
288	289
78	290
118	290
206	290
213	290
220	290
226	290
235	290
273	290
18	291
56	291
115	291
209	291
219	291
220	291
223	291
231	291
237	291
239	291
241	291
248	291
254	291
277	291
278	291
287	291
23	292
29	292
149	292
207	292
213	292
238	292
244	292
254	292
263	292
269	292
285	292
24	293
84	293
172	293
173	293
179	293
216	293
218	293
226	293
242	293
272	293
288	293
290	293
101	294
118	294
163	294
219	294
221	294
242	294
243	294
250	294
256	294
268	294
283	294
131	295
135	295
188	295
204	295
230	295
245	295
248	295
254	295
256	295
260	295
264	295
267	295
292	295
63	296
137	296
207	296
208	296
209	296
211	296
212	296
214	296
221	296
232	296
241	296
246	296
249	296
266	296
278	296
280	296
293	296
295	296
29	297
86	297
168	297
219	297
226	297
241	297
247	297
256	297
257	297
258	297
265	297
274	297
280	297
281	297
290	297
291	297
219	298
232	298
235	298
239	298
263	298
294	298
297	298
11	299
128	299
138	299
235	299
241	299
249	299
270	299
272	299
284	299
287	299
42	300
158	300
199	300
206	300
212	300
219	300
220	300
223	300
236	300
267	300
208	301
210	301
215	301
231	301
239	301
240	301
246	301
257	301
264	301
277	301
290	301
291	301
294	301
296	301
7	302
41	302
176	302
178	302
225	302
232	302
234	302
254	302
259	302
263	302
266	302
289	302
193	303
211	303
222	303
253	303
268	303
270	303
302	303
4	304
49	304
117	304
138	304
201	304
202	304
212	304
221	304
223	304
228	304
236	304
238	304
239	304
245	304
263	304
290	304
292	304
297	304
49	305
100	305
150	305
247	305
259	305
267	305
274	305
27	306
37	306
39	306
49	306
87	306
171	306
204	306
211	306
221	306
225	306
230	306
237	306
240	306
251	306
289	306
291	306
300	306
119	307
177	307
192	307
208	307
234	307
268	307
274	307
305	307
3	308
135	308
205	308
211	308
222	308
235	308
243	308
252	308
262	308
268	308
281	308
297	308
206	309
217	309
224	309
227	309
242	309
263	309
264	309
286	309
303	309
9	310
56	310
75	310
105	310
130	310
213	310
226	310
237	310
243	310
249	310
251	310
265	310
270	310
276	310
293	310
26	311
107	311
223	311
254	311
274	311
283	311
290	311
298	311
33	312
54	312
208	312
209	312
221	312
233	312
241	312
248	312
253	312
281	312
285	312
291	312
302	312
308	312
13	313
192	313
204	313
211	313
219	313
243	313
292	313
302	313
307	313
35	314
201	314
204	314
230	314
234	314
249	314
271	314
273	314
286	314
298	314
306	314
12	315
102	315
202	315
210	315
217	315
218	315
220	315
234	315
240	315
242	315
254	315
259	315
279	315
295	315
296	315
300	315
162	316
203	316
219	316
226	316
228	316
231	316
244	316
259	316
271	316
306	316
38	317
59	317
98	317
140	317
153	317
164	317
202	317
208	317
232	317
238	317
244	317
256	317
259	317
282	317
283	317
300	317
310	317
43	318
188	318
205	318
206	318
215	318
226	318
267	318
270	318
283	318
293	318
295	318
298	318
302	318
303	318
311	318
316	318
317	318
100	319
118	319
192	319
197	319
205	319
207	319
217	319
224	319
237	319
241	319
260	319
265	319
270	319
280	319
287	319
292	319
304	319
313	319
9	320
24	320
129	320
137	320
158	320
209	320
228	320
251	320
276	320
290	320
18	321
136	321
207	321
210	321
211	321
213	321
214	321
218	321
224	321
228	321
234	321
239	321
259	321
263	321
267	321
274	321
282	321
298	321
310	321
98	322
203	322
216	322
223	322
229	322
248	322
250	322
256	322
297	322
307	322
319	322
54	323
67	323
201	323
217	323
222	323
231	323
233	323
254	323
264	323
265	323
277	323
280	323
284	323
292	323
297	323
313	323
316	323
104	324
202	324
219	324
231	324
246	324
266	324
268	324
287	324
297	324
300	324
308	324
321	324
101	325
178	325
201	325
214	325
219	325
229	325
237	325
244	325
254	325
262	325
271	325
273	325
296	325
300	325
305	325
318	325
77	326
78	326
120	326
161	326
208	326
210	326
213	326
232	326
236	326
243	326
246	326
278	326
281	326
304	326
311	326
39	327
66	327
203	327
209	327
218	327
224	327
236	327
244	327
249	327
260	327
270	327
276	327
278	327
279	327
286	327
308	327
312	327
318	327
322	327
324	327
12	328
44	328
204	328
209	328
215	328
258	328
271	328
314	328
319	328
321	328
80	329
130	329
216	329
221	329
222	329
224	329
230	329
231	329
254	329
262	329
264	329
281	329
285	329
293	329
306	329
310	329
326	329
27	330
55	330
57	330
102	330
107	330
150	330
223	330
252	330
270	330
297	330
299	330
311	330
320	330
114	331
142	331
207	331
208	331
226	331
229	331
239	331
244	331
248	331
265	331
275	331
284	331
301	331
304	331
308	331
324	331
328	331
194	332
212	332
214	332
224	332
243	332
250	332
255	332
298	332
306	332
316	332
324	332
3	333
201	333
203	333
215	333
222	333
235	333
239	333
241	333
248	333
258	333
260	333
278	333
288	333
290	333
305	333
307	333
311	333
312	333
314	333
121	334
209	334
222	334
225	334
228	334
231	334
239	334
240	334
245	334
248	334
249	334
278	334
287	334
289	334
305	334
310	334
317	334
328	334
1	335
216	335
225	335
228	335
246	335
315	335
319	335
22	336
223	336
246	336
270	336
274	336
277	336
278	336
279	336
289	336
291	336
296	336
301	336
302	336
310	336
329	336
128	337
210	337
217	337
254	337
258	337
277	337
283	337
310	337
312	337
322	337
324	337
328	337
329	337
333	337
29	338
195	338
230	338
234	338
243	338
248	338
259	338
274	338
278	338
283	338
296	338
303	338
67	339
202	339
214	339
228	339
232	339
240	339
249	339
253	339
261	339
309	339
318	339
327	339
328	339
57	340
70	340
162	340
232	340
234	340
236	340
262	340
275	340
291	340
301	340
317	340
103	341
157	341
236	341
240	341
252	341
253	341
266	341
267	341
277	341
285	341
301	341
312	341
313	341
324	341
336	341
338	341
193	342
201	342
208	342
225	342
230	342
237	342
243	342
268	342
298	342
300	342
307	342
312	342
320	342
338	342
76	343
163	343
205	343
210	343
217	343
218	343
229	343
261	343
267	343
272	343
277	343
304	343
306	343
321	343
328	343
196	344
219	344
224	344
231	344
237	344
253	344
298	344
303	344
312	344
341	344
156	345
178	345
201	345
205	345
211	345
230	345
232	345
246	345
258	345
262	345
269	345
270	345
280	345
284	345
311	345
312	345
314	345
324	345
325	345
327	345
333	345
42	346
207	346
231	346
235	346
246	346
248	346
261	346
281	346
298	346
299	346
301	346
308	346
330	346
337	346
338	346
345	346
169	347
203	347
212	347
216	347
231	347
234	347
235	347
247	347
250	347
268	347
292	347
299	347
317	347
329	347
338	347
22	348
125	348
202	348
209	348
216	348
217	348
218	348
231	348
244	348
249	348
262	348
285	348
287	348
299	348
302	348
311	348
313	348
320	348
334	348
335	348
346	348
163	349
201	349
216	349
256	349
258	349
270	349
305	349
311	349
313	349
324	349
329	349
335	349
345	349
203	350
206	350
214	350
224	350
231	350
257	350
259	350
272	350
275	350
285	350
304	350
311	350
335	350
337	350
341	350
347	350
210	351
213	351
266	351
267	351
273	351
290	351
306	351
313	351
319	351
333	351
336	351
344	351
149	352
199	352
203	352
223	352
225	352
232	352
237	352
249	352
250	352
255	352
259	352
266	352
269	352
272	352
280	352
285	352
287	352
298	352
321	352
327	352
331	352
335	352
342	352
209	353
230	353
250	353
263	353
266	353
274	353
276	353
294	353
318	353
328	353
333	353
8	354
45	354
203	354
212	354
221	354
222	354
270	354
277	354
297	354
314	354
334	354
336	354
337	354
348	354
201	355
207	355
213	355
219	355
222	355
232	355
250	355
260	355
261	355
282	355
287	355
292	355
296	355
302	355
303	355
308	355
309	355
328	355
331	355
340	355
348	355
349	355
178	356
209	356
229	356
231	356
236	356
239	356
240	356
252	356
260	356
263	356
267	356
269	356
282	356
290	356
302	356
314	356
328	356
343	356
355	356
156	357
170	357
206	357
220	357
221	357
222	357
225	357
229	357
233	357
236	357
239	357
240	357
246	357
280	357
293	357
298	357
315	357
316	357
325	357
339	357
342	357
350	357
195	358
221	358
254	358
266	358
272	358
280	358
294	358
320	358
323	358
324	358
348	358
24	359
207	359
218	359
246	359
261	359
263	359
271	359
298	359
301	359
302	359
304	359
314	359
318	359
324	359
329	359
336	359
342	359
356	359
112	360
212	360
230	360
249	360
256	360
263	360
272	360
277	360
279	360
284	360
289	360
306	360
331	360
349	360
352	360
358	360
4	361
205	361
217	361
238	361
248	361
256	361
284	361
307	361
321	361
338	361
348	361
351	361
38	362
46	362
117	362
198	362
201	362
205	362
217	362
221	362
235	362
241	362
247	362
255	362
270	362
271	362
277	362
287	362
310	362
342	362
348	362
354	362
355	362
73	363
78	363
139	363
216	363
220	363
223	363
226	363
241	363
269	363
278	363
279	363
285	363
286	363
293	363
299	363
333	363
361	363
72	364
130	364
162	364
163	364
204	364
205	364
207	364
217	364
224	364
225	364
242	364
260	364
276	364
303	364
306	364
321	364
333	364
335	364
336	364
358	364
187	365
207	365
211	365
218	365
229	365
230	365
233	365
235	365
241	365
242	365
243	365
248	365
253	365
257	365
270	365
274	365
287	365
289	365
306	365
307	365
314	365
323	365
336	365
345	365
349	365
350	365
353	365
54	366
87	366
137	366
149	366
177	366
188	366
203	366
209	366
219	366
230	366
238	366
266	366
268	366
280	366
284	366
294	366
295	366
296	366
298	366
303	366
305	366
311	366
330	366
338	366
32	367
51	367
81	367
110	367
186	367
208	367
209	367
241	367
266	367
281	367
295	367
307	367
309	367
313	367
319	367
330	367
341	367
37	368
62	368
209	368
229	368
250	368
261	368
287	368
294	368
296	368
321	368
334	368
337	368
338	368
352	368
361	368
209	369
214	369
215	369
216	369
228	369
240	369
260	369
277	369
285	369
287	369
295	369
298	369
302	369
312	369
319	369
336	369
340	369
343	369
350	369
354	369
42	370
56	370
178	370
209	370
212	370
225	370
226	370
247	370
253	370
273	370
275	370
282	370
290	370
302	370
313	370
334	370
337	370
345	370
359	370
364	370
173	371
201	371
214	371
216	371
223	371
238	371
239	371
240	371
245	371
267	371
270	371
282	371
292	371
294	371
326	371
337	371
338	371
369	371
33	372
91	372
140	372
178	372
201	372
204	372
210	372
219	372
223	372
227	372
236	372
239	372
244	372
262	372
265	372
276	372
280	372
281	372
287	372
299	372
301	372
307	372
308	372
328	372
342	372
353	372
360	372
102	373
135	373
205	373
207	373
211	373
213	373
230	373
241	373
244	373
262	373
275	373
302	373
305	373
308	373
322	373
325	373
334	373
340	373
22	374
222	374
231	374
236	374
239	374
242	374
257	374
259	374
266	374
267	374
268	374
276	374
294	374
296	374
313	374
326	374
338	374
344	374
352	374
372	374
202	375
227	375
229	375
245	375
246	375
249	375
267	375
273	375
279	375
280	375
295	375
300	375
304	375
322	375
332	375
348	375
360	375
362	375
368	375
28	376
42	376
89	376
200	376
202	376
221	376
222	376
239	376
241	376
259	376
299	376
302	376
345	376
352	376
360	376
361	376
5	377
43	377
96	377
149	377
173	377
219	377
222	377
223	377
235	377
246	377
249	377
253	377
254	377
257	377
269	377
297	377
299	377
301	377
351	377
370	377
22	378
58	378
110	378
224	378
241	378
244	378
245	378
249	378
257	378
261	378
263	378
278	378
291	378
304	378
312	378
319	378
324	378
325	378
326	378
346	378
347	378
367	378
54	379
117	379
175	379
179	379
204	379
211	379
216	379
217	379
232	379
255	379
256	379
260	379
268	379
272	379
280	379
284	379
289	379
306	379
312	379
320	379
338	379
342	379
369	379
50	380
127	380
186	380
203	380
214	380
217	380
218	380
245	380
251	380
256	380
278	380
291	380
297	380
300	380
309	380
314	380
322	380
327	380
346	380
355	380
360	380
205	381
214	381
215	381
217	381
231	381
254	381
280	381
292	381
294	381
319	381
324	381
347	381
354	381
93	382
189	382
218	382
260	382
262	382
303	382
309	382
327	382
331	382
342	382
346	382
349	382
356	382
367	382
212	383
245	383
270	383
271	383
291	383
294	383
297	383
323	383
326	383
336	383
337	383
338	383
61	384
179	384
201	384
214	384
221	384
225	384
227	384
232	384
253	384
268	384
271	384
297	384
305	384
327	384
328	384
332	384
345	384
351	384
362	384
369	384
370	384
378	384
379	384
381	384
40	385
120	385
224	385
225	385
237	385
238	385
246	385
248	385
252	385
255	385
261	385
268	385
269	385
276	385
287	385
288	385
304	385
307	385
368	385
373	385
9	386
201	386
203	386
206	386
209	386
210	386
211	386
214	386
218	386
219	386
225	386
272	386
288	386
301	386
303	386
308	386
325	386
328	386
329	386
343	386
358	386
362	386
378	386
205	387
210	387
220	387
225	387
237	387
238	387
254	387
260	387
268	387
269	387
304	387
316	387
317	387
322	387
351	387
364	387
374	387
377	387
384	387
216	388
223	388
227	388
229	388
262	388
295	388
300	388
318	388
321	388
338	388
349	388
352	388
357	388
365	388
366	388
369	388
115	389
191	389
214	389
228	389
232	389
241	389
260	389
274	389
288	389
293	389
307	389
319	389
325	389
352	389
378	389
9	390
139	390
203	390
213	390
222	390
238	390
249	390
261	390
262	390
266	390
285	390
286	390
290	390
318	390
328	390
331	390
332	390
337	390
363	390
368	390
374	390
388	390
105	391
201	391
207	391
225	391
226	391
234	391
246	391
249	391
256	391
268	391
274	391
289	391
319	391
338	391
360	391
373	391
386	391
22	392
200	392
202	392
207	392
216	392
225	392
226	392
232	392
242	392
248	392
251	392
261	392
274	392
295	392
297	392
309	392
336	392
342	392
356	392
389	392
8	393
36	393
103	393
123	393
198	393
220	393
231	393
235	393
240	393
278	393
279	393
297	393
299	393
306	393
324	393
326	393
333	393
334	393
338	393
360	393
384	393
388	393
391	393
392	393
80	394
203	394
204	394
206	394
210	394
223	394
238	394
245	394
246	394
251	394
269	394
271	394
276	394
304	394
314	394
319	394
356	394
363	394
382	394
166	395
202	395
226	395
248	395
254	395
255	395
257	395
270	395
275	395
302	395
315	395
337	395
347	395
362	395
367	395
373	395
53	396
212	396
219	396
239	396
240	396
243	396
244	396
248	396
254	396
263	396
271	396
282	396
300	396
306	396
320	396
324	396
333	396
345	396
349	396
350	396
359	396
367	396
374	396
385	396
126	397
220	397
227	397
233	397
247	397
249	397
254	397
267	397
270	397
278	397
279	397
286	397
297	397
304	397
307	397
347	397
360	397
365	397
370	397
374	397
380	397
383	397
390	397
228	398
246	398
258	398
275	398
302	398
307	398
314	398
317	398
332	398
346	398
348	398
352	398
360	398
51	399
201	399
209	399
226	399
227	399
231	399
236	399
244	399
269	399
288	399
292	399
305	399
308	399
311	399
313	399
324	399
337	399
339	399
341	399
355	399
357	399
362	399
386	399
391	399
396	399
148	400
186	400
209	400
216	400
223	400
224	400
225	400
244	400
247	400
261	400
262	400
268	400
284	400
294	400
304	400
310	400
314	400
317	400
319	400
325	400
340	400
354	400
357	400
367	400
381	400
387	400
248	401
273	401
281	401
355	401
366	401
233	402
331	402
393	402
186	403
220	403
310	403
361	403
297	404
67	405
117	406
209	406
285	406
286	406
292	406
321	406
323	406
361	406
401	406
404	406
405	406
118	407
119	407
220	407
258	407
405	407
116	408
130	408
218	408
230	408
392	408
404	408
70	409
260	409
34	410
215	410
265	410
268	410
301	410
348	410
401	410
402	410
37	411
176	411
303	411
305	411
354	411
379	411
403	411
93	412
150	412
174	412
189	412
282	412
310	412
338	412
405	412
121	413
190	413
227	413
331	413
397	413
42	414
98	414
104	414
117	414
160	414
205	414
319	414
18	415
25	415
27	415
157	415
306	415
403	415
409	415
118	416
146	416
221	416
244	416
322	416
370	416
402	416
23	417
115	417
220	417
247	417
261	417
346	417
358	417
410	417
414	417
272	418
290	418
303	418
399	418
408	418
44	419
93	419
165	419
175	419
219	419
330	419
359	419
415	419
417	419
418	419
28	420
31	420
66	420
77	420
231	420
269	420
412	420
133	421
246	421
401	421
404	421
406	421
411	421
113	422
183	422
222	422
267	422
306	422
369	422
1	423
132	423
186	423
237	423
413	423
44	424
121	424
204	424
206	424
248	424
322	424
422	424
61	425
102	425
207	425
342	425
371	425
405	425
406	425
414	425
181	426
221	426
255	426
382	426
415	426
34	427
35	427
236	427
373	427
404	427
405	427
18	428
49	428
305	428
333	428
358	428
409	428
412	428
417	428
421	428
167	429
269	429
87	430
333	430
345	430
402	430
410	430
414	430
427	430
143	431
243	431
255	431
415	431
423	431
427	431
189	432
258	432
403	432
405	432
408	432
411	432
412	432
34	433
60	433
267	433
275	433
300	433
414	433
422	433
432	433
185	434
238	434
242	434
316	434
403	434
414	434
189	435
221	435
238	435
418	435
419	435
420	435
431	435
13	436
172	436
181	436
313	436
402	436
403	436
409	436
410	436
411	436
419	436
432	436
37	437
146	437
200	437
235	437
252	437
295	437
401	437
409	437
416	437
419	437
422	437
424	437
425	437
430	437
435	437
1	438
103	438
123	438
189	438
298	438
356	438
402	438
406	438
416	438
417	438
437	438
87	439
402	439
403	439
404	439
413	439
421	439
42	440
210	440
388	440
407	440
429	440
67	441
138	441
166	441
368	441
421	441
427	441
433	441
438	441
115	442
170	442
187	442
199	442
299	442
418	442
420	442
432	442
140	443
162	443
280	443
298	443
374	443
405	443
416	443
434	443
405	444
108	445
114	445
128	445
136	445
413	445
422	445
436	445
59	446
199	446
277	446
401	446
406	446
411	446
423	446
424	446
441	446
444	446
68	447
203	447
225	447
234	447
266	447
404	447
416	447
417	447
423	447
440	447
49	448
389	448
394	448
432	448
83	449
166	449
173	449
176	449
262	449
321	449
366	449
392	449
427	449
437	449
442	449
443	449
103	450
319	450
327	450
339	450
361	450
402	450
411	450
419	450
21	451
242	451
414	451
416	451
418	451
419	451
426	451
432	451
437	451
31	452
260	452
384	452
403	452
411	452
425	452
436	452
449	452
3	453
14	453
100	453
119	453
123	453
333	453
371	453
374	453
385	453
401	453
406	453
408	453
417	453
419	453
421	453
426	453
427	453
446	453
449	453
34	454
66	454
85	454
192	454
197	454
252	454
337	454
392	454
413	454
422	454
162	455
172	455
194	455
405	455
415	455
96	456
359	456
385	456
401	456
409	456
410	456
414	456
415	456
422	456
426	456
429	456
432	456
445	456
454	456
2	457
26	457
156	457
167	457
224	457
256	457
356	457
419	457
423	457
424	457
446	457
451	457
453	457
16	458
86	458
98	458
131	458
195	458
264	458
353	458
403	458
431	458
433	458
436	458
437	458
12	459
196	459
233	459
404	459
409	459
410	459
420	459
434	459
437	459
443	459
442	460
443	460
445	460
449	460
455	460
459	460
32	461
40	461
232	461
283	461
382	461
421	461
422	461
423	461
428	461
430	461
445	461
446	461
458	461
160	462
288	462
324	462
423	462
447	462
450	462
457	462
121	463
320	463
387	463
404	463
410	463
429	463
457	463
226	464
256	464
289	464
329	464
388	464
417	464
423	464
443	464
455	464
456	464
34	465
178	465
191	465
369	465
403	465
412	465
417	465
421	465
426	465
430	465
434	465
458	465
12	466
101	466
284	466
288	466
411	466
421	466
431	466
436	466
440	466
446	466
461	466
79	467
141	467
189	467
352	467
405	467
465	467
103	468
111	468
123	468
157	468
193	468
286	468
411	468
418	468
422	468
423	468
442	468
447	468
449	468
456	468
458	468
461	468
465	468
82	469
258	469
356	469
419	469
451	469
455	469
11	470
130	470
256	470
277	470
396	470
408	470
410	470
419	470
423	470
428	470
432	470
457	470
460	470
468	470
8	471
238	471
347	471
403	471
404	471
451	471
456	471
462	471
463	471
68	472
172	472
203	472
401	472
406	472
414	472
427	472
431	472
434	472
438	472
439	472
458	472
459	472
462	472
76	473
341	473
402	473
411	473
438	473
445	473
454	473
461	473
241	474
259	474
282	474
324	474
337	474
401	474
412	474
416	474
422	474
449	474
451	474
455	474
460	474
466	474
162	475
403	475
446	475
447	475
449	475
450	475
453	475
456	475
458	475
460	475
462	475
463	475
464	475
474	475
29	476
42	476
65	476
234	476
267	476
268	476
334	476
359	476
403	476
429	476
434	476
441	476
442	476
448	476
449	476
460	476
148	477
210	477
219	477
386	477
416	477
425	477
430	477
454	477
476	477
24	478
182	478
298	478
312	478
374	478
412	478
422	478
426	478
446	478
450	478
123	479
127	479
204	479
278	479
402	479
404	479
413	479
419	479
431	479
435	479
439	479
451	479
453	479
455	479
459	479
476	479
120	480
340	480
372	480
429	480
439	480
441	480
443	480
447	480
449	480
455	480
463	480
476	480
16	481
58	481
204	481
321	481
382	481
419	481
428	481
430	481
434	481
444	481
466	481
32	482
140	482
286	482
299	482
401	482
402	482
403	482
416	482
430	482
434	482
466	482
467	482
74	483
182	483
302	483
420	483
426	483
428	483
433	483
434	483
439	483
444	483
445	483
447	483
456	483
472	483
3	484
55	484
162	484
326	484
432	484
433	484
435	484
438	484
449	484
458	484
463	484
473	484
22	485
181	485
224	485
409	485
419	485
424	485
434	485
438	485
444	485
448	485
450	485
452	485
464	485
466	485
473	485
482	485
142	486
261	486
437	486
448	486
455	486
464	486
466	486
476	486
483	486
485	486
106	487
108	487
141	487
298	487
410	487
429	487
444	487
469	487
474	487
100	488
200	488
244	488
285	488
287	488
358	488
413	488
439	488
440	488
445	488
447	488
454	488
469	488
477	488
480	488
8	489
154	489
298	489
412	489
418	489
420	489
423	489
431	489
433	489
441	489
450	489
452	489
467	489
469	489
471	489
478	489
486	489
17	490
135	490
362	490
406	490
409	490
419	490
420	490
421	490
433	490
436	490
457	490
465	490
466	490
470	490
477	490
53	491
92	491
104	491
199	491
239	491
255	491
411	491
414	491
428	491
450	491
460	491
463	491
464	491
472	491
476	491
480	491
489	491
70	492
175	492
179	492
247	492
304	492
336	492
415	492
423	492
426	492
448	492
461	492
462	492
465	492
478	492
490	492
69	493
200	493
218	493
272	493
392	493
422	493
423	493
434	493
483	493
486	493
49	494
173	494
182	494
330	494
347	494
411	494
417	494
420	494
423	494
425	494
444	494
450	494
454	494
485	494
143	495
196	495
304	495
331	495
380	495
412	495
419	495
422	495
427	495
428	495
438	495
450	495
455	495
462	495
475	495
476	495
480	495
486	495
487	495
2	496
171	496
184	496
300	496
308	496
409	496
422	496
446	496
457	496
474	496
493	496
494	496
287	497
363	497
416	497
424	497
429	497
480	497
496	497
51	498
151	498
268	498
402	498
409	498
415	498
423	498
434	498
447	498
458	498
460	498
468	498
485	498
488	498
497	498
16	499
27	499
84	499
127	499
203	499
271	499
281	499
327	499
363	499
415	499
416	499
421	499
434	499
445	499
450	499
455	499
457	499
464	499
470	499
474	499
483	499
490	499
491	499
54	500
62	500
78	500
172	500
414	500
421	500
429	500
436	500
446	500
459	500
464	500
466	500
473	500
487	500
56	501
117	501
199	501
249	501
316	501
401	501
405	501
407	501
417	501
424	501
430	501
435	501
439	501
444	501
454	501
476	501
478	501
500	501
130	502
387	502
413	502
424	502
425	502
458	502
469	502
473	502
484	502
485	502
487	502
489	502
498	502
19	503
317	503
406	503
408	503
439	503
440	503
443	503
444	503
454	503
482	503
493	503
57	504
118	504
299	504
339	504
404	504
428	504
431	504
433	504
444	504
447	504
451	504
476	504
484	504
486	504
37	505
63	505
98	505
175	505
211	505
277	505
317	505
383	505
407	505
411	505
412	505
414	505
417	505
420	505
433	505
435	505
438	505
443	505
478	505
491	505
496	505
50	506
280	506
354	506
398	506
402	506
413	506
434	506
436	506
439	506
454	506
455	506
461	506
466	506
37	507
139	507
226	507
294	507
335	507
405	507
411	507
412	507
417	507
424	507
425	507
427	507
440	507
453	507
463	507
474	507
478	507
480	507
483	507
491	507
493	507
502	507
113	508
167	508
416	508
441	508
473	508
476	508
487	508
500	508
506	508
207	509
389	509
414	509
426	509
437	509
443	509
467	509
471	509
493	509
506	509
107	510
273	510
367	510
402	510
415	510
419	510
424	510
440	510
450	510
479	510
480	510
488	510
490	510
507	510
163	511
206	511
235	511
238	511
425	511
431	511
453	511
461	511
463	511
465	511
470	511
474	511
477	511
479	511
483	511
68	512
300	512
315	512
343	512
384	512
403	512
407	512
414	512
425	512
439	512
445	512
464	512
467	512
486	512
495	512
496	512
510	512
60	513
280	513
422	513
428	513
431	513
432	513
459	513
469	513
475	513
494	513
512	513
63	514
111	514
401	514
412	514
432	514
468	514
472	514
478	514
485	514
489	514
500	514
174	515
405	515
414	515
422	515
424	515
432	515
439	515
481	515
484	515
486	515
64	516
210	516
226	516
312	516
345	516
394	516
407	516
413	516
416	516
422	516
429	516
435	516
475	516
484	516
489	516
492	516
496	516
498	516
499	516
505	516
506	516
509	516
512	516
3	517
12	517
47	517
93	517
334	517
429	517
437	517
447	517
470	517
471	517
472	517
482	517
500	517
508	517
509	517
71	518
75	518
403	518
405	518
428	518
430	518
443	518
453	518
457	518
467	518
473	518
488	518
510	518
513	518
174	519
359	519
405	519
406	519
417	519
421	519
435	519
450	519
469	519
488	519
492	519
493	519
501	519
502	519
506	519
7	520
8	520
132	520
144	520
168	520
238	520
249	520
411	520
436	520
437	520
441	520
456	520
462	520
483	520
491	520
494	520
515	520
516	520
518	520
87	521
243	521
275	521
330	521
404	521
416	521
418	521
423	521
476	521
482	521
484	521
485	521
493	521
499	521
500	521
505	521
417	522
429	522
453	522
464	522
466	522
487	522
492	522
496	522
519	522
178	523
209	523
224	523
261	523
298	523
346	523
402	523
404	523
429	523
439	523
441	523
453	523
458	523
477	523
480	523
482	523
509	523
50	524
204	524
396	524
439	524
464	524
468	524
472	524
478	524
479	524
486	524
495	524
499	524
501	524
519	524
112	525
187	525
312	525
328	525
348	525
403	525
404	525
418	525
424	525
433	525
436	525
442	525
450	525
454	525
465	525
472	525
477	525
491	525
492	525
508	525
61	526
297	526
322	526
333	526
412	526
416	526
428	526
432	526
445	526
446	526
458	526
462	526
477	526
478	526
507	526
514	526
521	526
524	526
74	527
188	527
242	527
274	527
357	527
371	527
426	527
446	527
449	527
465	527
475	527
479	527
483	527
488	527
510	527
519	527
523	527
41	528
193	528
235	528
301	528
430	528
439	528
450	528
453	528
477	528
490	528
496	528
186	529
224	529
250	529
365	529
400	529
403	529
414	529
422	529
424	529
428	529
435	529
442	529
448	529
453	529
456	529
467	529
477	529
507	529
509	529
518	529
519	529
18	530
81	530
137	530
165	530
332	530
373	530
401	530
422	530
424	530
439	530
442	530
447	530
471	530
482	530
503	530
507	530
508	530
2	531
6	531
80	531
84	531
127	531
314	531
447	531
461	531
465	531
466	531
477	531
492	531
493	531
502	531
508	531
523	531
524	531
525	531
527	531
18	532
182	532
231	532
404	532
438	532
446	532
454	532
462	532
470	532
471	532
476	532
492	532
525	532
526	532
32	533
307	533
403	533
412	533
424	533
426	533
428	533
436	533
444	533
446	533
454	533
459	533
465	533
470	533
472	533
478	533
500	533
505	533
512	533
18	534
72	534
227	534
342	534
404	534
409	534
425	534
477	534
485	534
489	534
490	534
507	534
516	534
518	534
521	534
53	535
107	535
255	535
410	535
422	535
446	535
451	535
456	535
483	535
496	535
500	535
531	535
534	535
50	536
75	536
292	536
321	536
402	536
403	536
414	536
420	536
440	536
453	536
454	536
460	536
470	536
475	536
479	536
492	536
505	536
512	536
535	536
66	537
225	537
298	537
306	537
401	537
411	537
434	537
436	537
441	537
457	537
458	537
459	537
487	537
492	537
496	537
499	537
509	537
513	537
522	537
529	537
535	537
33	538
135	538
423	538
424	538
426	538
429	538
442	538
459	538
461	538
467	538
474	538
487	538
521	538
11	539
44	539
94	539
116	539
182	539
254	539
271	539
366	539
401	539
433	539
436	539
446	539
471	539
488	539
497	539
504	539
506	539
509	539
511	539
524	539
426	540
437	540
440	540
443	540
453	540
484	540
485	540
496	540
499	540
512	540
519	540
524	540
157	541
300	541
401	541
410	541
413	541
427	541
438	541
464	541
468	541
472	541
478	541
28	542
114	542
219	542
339	542
354	542
402	542
420	542
437	542
448	542
454	542
458	542
460	542
484	542
486	542
490	542
499	542
512	542
517	542
520	542
522	542
527	542
529	542
533	542
537	542
9	543
278	543
381	543
419	543
425	543
458	543
460	543
468	543
484	543
491	543
503	543
513	543
515	543
522	543
532	543
12	544
161	544
395	544
422	544
425	544
427	544
438	544
477	544
482	544
486	544
489	544
490	544
499	544
541	544
9	545
229	545
337	545
401	545
409	545
416	545
429	545
471	545
473	545
474	545
487	545
488	545
492	545
501	545
504	545
517	545
520	545
538	545
16	546
311	546
365	546
397	546
402	546
410	546
415	546
418	546
449	546
451	546
459	546
465	546
467	546
473	546
479	546
484	546
502	546
520	546
523	546
540	546
542	546
2	547
115	547
409	547
416	547
418	547
430	547
440	547
467	547
485	547
490	547
493	547
507	547
534	547
536	547
105	548
273	548
412	548
421	548
444	548
446	548
457	548
464	548
469	548
479	548
489	548
499	548
509	548
526	548
529	548
532	548
540	548
63	549
139	549
208	549
359	549
366	549
448	549
463	549
468	549
472	549
473	549
491	549
494	549
499	549
521	549
523	549
2	550
100	550
155	550
223	550
283	550
352	550
400	550
401	550
419	550
423	550
430	550
443	550
446	550
456	550
478	550
484	550
501	550
510	550
513	550
527	550
533	550
534	550
153	551
170	551
412	551
420	551
421	551
436	551
439	551
450	551
460	551
481	551
489	551
501	551
511	551
514	551
533	551
539	551
548	551
88	552
264	552
293	552
407	552
411	552
416	552
428	552
434	552
438	552
441	552
443	552
454	552
469	552
474	552
495	552
499	552
500	552
502	552
533	552
19	553
115	553
176	553
220	553
312	553
422	553
437	553
450	553
451	553
457	553
512	553
523	553
525	553
529	553
538	553
170	554
470	554
472	554
481	554
484	554
485	554
487	554
520	554
551	554
69	555
102	555
310	555
322	555
399	555
408	555
410	555
417	555
424	555
431	555
432	555
466	555
507	555
516	555
527	555
531	555
541	555
543	555
546	555
68	556
130	556
131	556
431	556
436	556
442	556
473	556
491	556
512	556
515	556
534	556
541	556
542	556
546	556
410	557
423	557
444	557
445	557
449	557
465	557
468	557
470	557
474	557
487	557
489	557
490	557
492	557
494	557
495	557
503	557
506	557
508	557
545	557
551	557
220	558
300	558
353	558
378	558
438	558
467	558
468	558
486	558
493	558
498	558
541	558
550	558
36	559
338	559
403	559
433	559
434	559
435	559
439	559
447	559
452	559
455	559
473	559
482	559
496	559
510	559
536	559
539	559
540	559
548	559
554	559
8	560
217	560
244	560
378	560
406	560
413	560
420	560
430	560
436	560
440	560
456	560
473	560
475	560
497	560
517	560
542	560
549	560
550	560
558	560
52	561
110	561
124	561
190	561
352	561
407	561
415	561
426	561
436	561
440	561
457	561
464	561
473	561
475	561
477	561
482	561
485	561
493	561
511	561
514	561
516	561
521	561
531	561
537	561
540	561
544	561
549	561
109	562
154	562
401	562
408	562
425	562
430	562
446	562
452	562
453	562
458	562
480	562
497	562
515	562
516	562
518	562
526	562
527	562
547	562
552	562
554	562
45	563
79	563
146	563
209	563
405	563
406	563
423	563
428	563
469	563
491	563
496	563
503	563
509	563
512	563
530	563
544	563
550	563
561	563
18	564
48	564
176	564
408	564
419	564
422	564
459	564
485	564
523	564
526	564
530	564
562	564
158	565
326	565
345	565
421	565
429	565
432	565
436	565
439	565
440	565
446	565
459	565
463	565
472	565
474	565
476	565
482	565
492	565
493	565
495	565
496	565
497	565
499	565
503	565
507	565
523	565
525	565
527	565
539	565
248	566
266	566
324	566
375	566
424	566
427	566
434	566
449	566
462	566
481	566
506	566
524	566
528	566
559	566
268	567
354	567
410	567
413	567
423	567
448	567
451	567
453	567
454	567
458	567
462	567
474	567
496	567
502	567
511	567
522	567
549	567
552	567
553	567
559	567
85	568
112	568
334	568
411	568
415	568
420	568
454	568
455	568
463	568
481	568
499	568
505	568
525	568
533	568
537	568
538	568
554	568
556	568
37	569
54	569
65	569
277	569
307	569
390	569
406	569
417	569
426	569
437	569
439	569
464	569
467	569
471	569
475	569
477	569
481	569
501	569
504	569
512	569
526	569
542	569
547	569
556	569
566	569
70	570
269	570
295	570
413	570
416	570
419	570
437	570
438	570
453	570
454	570
465	570
473	570
474	570
497	570
502	570
509	570
525	570
526	570
542	570
549	570
36	571
120	571
224	571
229	571
266	571
417	571
419	571
421	571
422	571
425	571
438	571
451	571
452	571
456	571
472	571
483	571
501	571
507	571
517	571
519	571
521	571
523	571
530	571
540	571
546	571
568	571
110	572
225	572
243	572
247	572
402	572
409	572
414	572
426	572
437	572
455	572
459	572
484	572
487	572
490	572
496	572
506	572
517	572
524	572
525	572
530	572
549	572
557	572
569	572
102	573
226	573
264	573
352	573
382	573
409	573
437	573
443	573
457	573
471	573
475	573
492	573
503	573
511	573
517	573
535	573
536	573
542	573
551	573
553	573
555	573
153	574
177	574
337	574
457	574
459	574
461	574
466	574
496	574
510	574
516	574
525	574
548	574
560	574
62	575
63	575
117	575
149	575
196	575
387	575
395	575
423	575
427	575
428	575
429	575
432	575
435	575
439	575
440	575
446	575
448	575
457	575
458	575
462	575
469	575
470	575
491	575
541	575
542	575
543	575
545	575
558	575
5	576
53	576
60	576
178	576
259	576
337	576
359	576
365	576
424	576
435	576
440	576
441	576
447	576
456	576
458	576
459	576
485	576
502	576
517	576
555	576
37	577
51	577
63	577
179	577
207	577
287	577
337	577
366	577
414	577
439	577
450	577
455	577
456	577
463	577
500	577
504	577
518	577
526	577
531	577
536	577
537	577
542	577
557	577
36	578
76	578
134	578
315	578
419	578
438	578
447	578
458	578
462	578
473	578
502	578
504	578
514	578
525	578
527	578
531	578
537	578
542	578
549	578
561	578
350	579
422	579
430	579
444	579
446	579
451	579
459	579
463	579
472	579
491	579
521	579
523	579
534	579
537	579
548	579
558	579
578	579
17	580
134	580
136	580
163	580
230	580
350	580
412	580
422	580
435	580
440	580
442	580
445	580
454	580
483	580
488	580
492	580
494	580
503	580
511	580
517	580
522	580
528	580
530	580
549	580
554	580
565	580
566	580
576	580
108	581
360	581
418	581
428	581
443	581
465	581
479	581
480	581
493	581
494	581
498	581
499	581
504	581
508	581
555	581
564	581
566	581
115	582
144	582
168	582
376	582
379	582
409	582
410	582
416	582
430	582
441	582
471	582
472	582
473	582
510	582
533	582
538	582
540	582
552	582
556	582
557	582
562	582
570	582
574	582
581	582
80	583
181	583
237	583
414	583
437	583
446	583
452	583
457	583
462	583
469	583
493	583
495	583
509	583
513	583
514	583
522	583
526	583
553	583
572	583
84	584
130	584
168	584
391	584
407	584
409	584
436	584
442	584
443	584
449	584
451	584
457	584
469	584
494	584
506	584
513	584
514	584
526	584
527	584
533	584
547	584
550	584
572	584
94	585
178	585
253	585
374	585
432	585
466	585
468	585
477	585
481	585
493	585
510	585
516	585
527	585
538	585
546	585
551	585
557	585
584	585
214	586
233	586
306	586
388	586
402	586
403	586
406	586
415	586
418	586
424	586
425	586
427	586
449	586
457	586
464	586
479	586
481	586
488	586
491	586
502	586
510	586
523	586
526	586
528	586
534	586
541	586
549	586
556	586
558	586
568	586
578	586
579	586
9	587
140	587
231	587
403	587
407	587
421	587
429	587
437	587
459	587
460	587
469	587
471	587
472	587
500	587
502	587
503	587
506	587
507	587
536	587
578	587
584	587
52	588
105	588
396	588
406	588
410	588
431	588
474	588
485	588
493	588
498	588
499	588
501	588
504	588
522	588
523	588
539	588
541	588
551	588
571	588
572	588
573	588
582	588
586	588
222	589
395	589
405	589
406	589
413	589
428	589
442	589
445	589
447	589
452	589
453	589
477	589
534	589
536	589
551	589
571	589
573	589
62	590
84	590
201	590
318	590
413	590
424	590
473	590
474	590
488	590
490	590
492	590
500	590
510	590
526	590
529	590
537	590
539	590
558	590
559	590
571	590
574	590
579	590
82	591
117	591
171	591
207	591
402	591
409	591
411	591
417	591
444	591
445	591
449	591
451	591
452	591
455	591
457	591
469	591
486	591
488	591
532	591
533	591
547	591
553	591
554	591
586	591
51	592
210	592
406	592
410	592
416	592
418	592
422	592
423	592
435	592
438	592
441	592
466	592
472	592
478	592
484	592
489	592
498	592
506	592
527	592
533	592
535	592
539	592
543	592
546	592
569	592
575	592
588	592
20	593
69	593
122	593
385	593
408	593
415	593
417	593
426	593
443	593
450	593
454	593
457	593
465	593
471	593
472	593
477	593
486	593
493	593
504	593
507	593
508	593
523	593
534	593
539	593
547	593
549	593
550	593
554	593
557	593
559	593
576	593
72	594
336	594
393	594
412	594
417	594
439	594
455	594
506	594
513	594
533	594
534	594
535	594
543	594
562	594
568	594
573	594
579	594
584	594
590	594
73	595
197	595
234	595
350	595
377	595
402	595
410	595
420	595
426	595
434	595
454	595
462	595
464	595
478	595
493	595
499	595
500	595
506	595
536	595
547	595
550	595
583	595
587	595
10	596
176	596
329	596
357	596
407	596
413	596
418	596
420	596
425	596
432	596
441	596
461	596
471	596
484	596
490	596
500	596
503	596
539	596
555	596
556	596
562	596
571	596
572	596
579	596
583	596
26	597
28	597
57	597
156	597
318	597
339	597
440	597
445	597
447	597
450	597
463	597
464	597
468	597
475	597
478	597
489	597
504	597
506	597
507	597
527	597
555	597
558	597
560	597
565	597
575	597
581	597
30	598
103	598
147	598
163	598
215	598
405	598
407	598
415	598
430	598
438	598
470	598
504	598
512	598
518	598
541	598
565	598
570	598
583	598
597	598
31	599
273	599
321	599
412	599
416	599
438	599
439	599
441	599
450	599
460	599
463	599
468	599
473	599
492	599
496	599
506	599
512	599
515	599
529	599
561	599
566	599
584	599
41	600
66	600
223	600
263	600
267	600
375	600
405	600
407	600
413	600
414	600
432	600
438	600
441	600
451	600
454	600
474	600
475	600
480	600
499	600
504	600
519	600
528	600
535	600
537	600
538	600
546	600
550	600
553	600
557	600
596	600
