2	3
5	8
3	9
10	11
2	13
3	13
7	13
9	14
12	15
15	16
2	18
6	18
10	19
2	20
1	21
3	21
5	21
10	21
11	21
6	22
5	24
12	24
17	24
21	24
1	25
8	26
10	26
18	26
21	26
24	26
6	27
10	27
24	27
26	27
9	28
16	28
19	28
13	29
4	30
10	30
16	30
19	30
5	31
15	31
17	31
28	31
6	32
20	32
23	32
29	32
4	33
5	33
21	33
8	34
20	34
21	34
27	34
28	34
7	35
20	35
4	36
19	37
28	37
6	38
7	38
33	38
4	39
7	39
19	39
26	39
29	39
17	40
32	40
37	40
19	41
21	41
40	41
8	42
6	43
12	43
19	43
37	43
42	43
22	44
34	44
43	44
7	45
11	45
15	45
24	45
25	45
27	45
6	46
26	46
34	46
38	46
40	46
28	47
41	47
43	47
11	48
21	48
25	48
26	48
28	48
8	49
10	49
29	49
35	49
16	50
28	50
29	50
32	51
42	51
46	51
49	51
8	52
12	52
13	52
24	52
44	52
49	52
19	53
31	53
42	53
43	53
46	53
25	54
27	54
31	54
35	54
12	55
16	55
23	55
31	55
33	55
2	56
29	56
48	56
55	56
17	57
25	57
26	57
34	57
35	57
39	57
46	57
51	57
20	58
24	58
26	58
33	58
52	58
18	59
27	59
32	59
33	59
44	59
46	59
48	59
53	59
6	60
15	60
20	60
23	60
29	60
31	60
37	60
39	60
57	60
12	61
20	61
26	61
28	61
34	61
43	61
26	62
61	62
19	63
23	63
33	63
59	63
41	64
62	64
9	65
10	65
24	65
32	65
52	65
5	66
14	66
24	66
28	66
48	66
53	66
65	66
5	67
6	67
12	67
26	67
46	67
50	67
51	67
59	67
15	68
17	68
27	68
56	68
65	68
2	69
3	69
12	69
14	69
28	69
32	69
42	69
51	69
54	69
59	69
64	69
8	70
10	70
12	70
39	70
44	70
51	70
57	70
5	71
8	71
14	71
17	71
33	71
39	71
40	71
45	71
4	72
26	72
35	72
50	72
52	72
61	72
64	72
6	73
11	73
17	73
19	73
53	73
6	74
7	74
16	74
34	74
37	74
38	74
45	74
57	74
61	74
57	75
66	75
67	75
15	76
16	76
18	76
25	76
27	76
28	76
31	76
36	76
42	76
43	76
60	76
65	76
4	77
29	77
41	77
45	77
52	77
4	78
9	78
11	78
21	78
31	78
42	78
43	78
48	78
51	78
53	78
57	78
10	79
15	79
30	79
32	79
68	79
2	80
10	80
17	80
21	80
26	80
30	80
38	80
59	80
61	80
63	80
72	80
77	80
9	81
20	81
35	81
39	81
61	81
76	81
78	81
7	82
10	82
12	82
26	82
69	82
72	82
73	82
81	82
1	83
6	83
22	83
30	83
31	83
48	83
54	83
81	83
23	84
31	84
73	84
80	84
4	85
5	85
6	85
30	85
50	85
56	85
70	85
73	85
83	85
26	86
34	86
52	86
85	86
16	87
20	87
26	87
44	87
48	87
54	87
63	87
72	87
81	87
82	87
83	87
1	88
5	88
26	88
38	88
47	88
58	88
76	88
81	88
2	89
13	89
38	89
47	89
49	89
88	89
7	90
25	90
8	91
17	91
27	91
29	91
36	91
37	91
40	91
48	91
4	92
14	92
26	92
31	92
34	92
36	92
38	92
51	92
54	92
55	92
77	92
82	92
2	93
14	93
17	93
26	93
30	93
79	93
7	94
12	94
15	94
16	94
27	94
45	94
47	94
58	94
92	94
1	95
2	95
20	95
23	95
57	95
60	95
86	95
91	95
92	95
6	96
43	96
46	96
48	96
49	96
53	96
60	96
66	96
89	96
15	97
54	97
56	97
78	97
86	97
1	98
4	98
62	98
68	98
88	98
92	98
6	99
12	99
17	99
34	99
42	99
48	99
60	99
65	99
68	99
85	99
88	99
89	99
26	100
38	100
49	100
57	100
60	100
65	100
75	100
81	100
84	100
20	101
101	102
42	103
59	103
101	104
103	104
24	105
6	108
97	108
101	108
104	108
14	109
106	109
20	110
104	110
48	111
69	111
96	111
105	111
83	112
108	112
34	113
102	113
109	113
24	114
89	114
103	115
112	115
20	116
111	116
114	116
7	117
71	117
102	117
112	117
90	118
102	118
32	119
106	119
71	120
76	120
112	120
50	121
106	121
119	121
61	122
106	122
51	123
70	123
107	123
30	124
105	124
113	124
46	125
103	125
106	125
107	125
117	125
124	125
106	126
107	126
110	126
113	126
117	126
35	127
114	127
124	127
20	128
110	128
118	128
124	128
127	128
108	129
117	129
119	129
121	129
114	130
119	130
65	132
78	132
104	132
114	132
118	132
129	132
17	133
84	133
104	133
121	133
9	134
101	134
102	134
116	134
121	134
2	135
39	135
48	135
82	135
105	135
106	135
111	135
120	135
121	135
123	135
126	135
133	135
88	136
126	136
103	137
112	137
115	137
136	137
108	138
112	138
28	139
37	139
107	139
127	139
132	139
106	140
112	140
132	140
109	141
116	141
128	141
21	142
98	142
101	142
105	142
106	142
113	142
129	142
52	143
69	143
82	143
101	143
106	143
126	143
132	143
133	143
139	143
107	144
112	144
118	144
137	144
24	145
79	145
100	145
114	145
135	145
136	145
139	145
87	146
112	146
119	146
143	146
101	147
108	147
127	147
10	148
102	148
105	148
110	148
131	148
132	148
135	148
139	148
143	148
144	148
9	149
67	149
103	149
105	149
106	149
107	149
125	149
132	149
138	149
139	149
143	149
144	149
11	150
60	150
68	150
112	150
125	150
133	150
136	150
138	150
46	151
106	151
130	151
133	151
140	151
143	151
33	152
79	152
101	152
124	152
131	152
138	152
144	152
104	153
106	153
123	153
131	153
135	153
145	153
146	153
46	154
71	154
101	154
103	154
114	154
142	154
146	154
153	154
108	155
115	155
122	155
131	155
137	155
146	155
148	155
13	156
62	156
71	156
117	156
121	156
123	156
134	156
135	156
151	156
103	157
105	157
112	157
138	157
141	157
142	157
62	158
63	158
114	158
120	158
127	158
155	158
18	159
74	159
102	159
115	159
131	159
133	159
139	159
154	159
158	159
109	160
112	160
126	160
127	160
130	160
142	160
150	160
151	160
21	161
109	161
117	161
127	161
131	161
142	161
144	161
147	161
156	161
157	161
7	162
104	162
111	162
133	162
135	162
141	162
145	162
147	162
154	162
73	163
105	163
115	163
128	163
134	163
144	163
147	163
156	163
111	164
125	164
156	164
159	164
160	164
161	164
163	164
117	165
142	165
143	165
152	165
106	166
121	166
129	166
130	166
134	166
144	166
157	166
158	166
3	167
60	167
124	167
133	167
134	167
136	167
142	167
158	167
95	168
102	168
103	168
104	168
115	168
129	168
134	168
137	168
161	168
162	168
44	169
45	169
106	169
109	169
116	169
138	169
141	169
162	169
163	169
120	170
127	170
135	170
154	170
159	170
166	170
14	171
45	171
101	171
109	171
132	171
156	171
167	171
169	171
101	172
117	172
127	172
132	172
136	172
143	172
146	172
152	172
153	172
24	173
28	173
102	173
104	173
114	173
119	173
120	173
132	173
133	173
143	173
146	173
151	173
158	173
4	174
86	174
104	174
110	174
116	174
117	174
126	174
150	174
160	174
162	174
163	174
165	174
167	174
168	174
4	175
87	175
91	175
114	175
123	175
125	175
146	175
163	175
165	175
171	175
57	176
122	176
126	176
128	176
133	176
145	176
155	176
78	177
109	177
122	177
150	177
170	177
107	178
113	178
118	178
124	178
134	178
154	178
175	178
176	178
43	179
101	179
103	179
121	179
128	179
144	179
148	179
168	179
176	179
67	180
99	180
126	180
138	180
139	180
147	180
150	180
170	180
28	181
104	181
130	181
143	181
145	181
162	181
5	182
15	182
37	182
121	182
130	182
133	182
145	182
159	182
160	182
163	182
168	182
10	183
42	183
112	183
120	183
124	183
130	183
138	183
144	183
158	183
160	183
166	183
113	184
116	184
120	184
125	184
127	184
139	184
140	184
142	184
157	184
165	184
172	184
174	184
177	184
21	185
64	185
120	185
124	185
127	185
129	185
133	185
145	185
164	185
179	185
39	186
43	186
48	186
103	186
110	186
142	186
151	186
164	186
171	186
103	187
105	187
109	187
115	187
137	187
149	187
157	187
161	187
172	187
179	187
32	188
42	188
101	188
108	188
110	188
116	188
119	188
130	188
134	188
161	188
162	188
168	188
170	188
171	188
183	188
34	189
116	189
120	189
125	189
128	189
137	189
149	189
157	189
166	189
178	189
13	190
92	190
109	190
153	190
168	190
170	190
175	190
176	190
186	190
101	191
104	191
109	191
131	191
138	191
142	191
150	191
156	191
174	191
183	191
30	192
38	192
103	192
123	192
133	192
137	192
156	192
162	192
163	192
167	192
171	192
27	193
102	193
104	193
106	193
112	193
113	193
119	193
131	193
134	193
139	193
140	193
146	193
175	193
177	193
178	193
184	193
186	193
106	194
107	194
109	194
119	194
135	194
136	194
158	194
193	194
31	195
105	195
106	195
128	195
135	195
154	195
167	195
173	195
177	195
192	195
94	196
111	196
113	196
127	196
134	196
146	196
156	196
170	196
75	197
110	197
115	197
118	197
128	197
134	197
151	197
155	197
156	197
176	197
182	197
194	197
88	198
101	198
113	198
115	198
145	198
154	198
159	198
168	198
177	198
185	198
67	199
84	199
96	199
110	199
114	199
116	199
121	199
124	199
131	199
144	199
149	199
151	199
173	199
186	199
188	199
190	199
192	199
195	199
104	200
110	200
119	200
121	200
135	200
136	200
142	200
144	200
151	200
160	200
162	200
181	200
182	200
195	200
6	201
69	201
123	201
147	201
175	201
11	203
54	203
64	203
106	203
177	203
201	203
202	204
104	205
45	206
54	206
201	206
203	206
48	207
42	208
60	208
177	208
46	209
95	209
99	209
159	209
37	210
171	210
201	210
201	211
15	212
29	212
208	212
210	212
211	212
8	213
44	213
201	213
209	213
62	214
106	214
180	214
206	214
208	214
212	214
213	214
79	215
111	215
202	215
204	215
206	215
210	215
36	216
47	216
133	216
202	216
203	216
212	216
143	217
5	218
181	218
211	218
19	219
22	219
88	219
206	219
210	219
215	219
216	219
19	220
185	220
206	220
214	220
219	220
114	221
155	221
163	221
16	222
73	222
196	222
204	222
221	222
62	223
132	223
216	223
219	223
34	224
133	224
153	224
157	224
191	224
203	224
204	224
205	224
211	224
222	224
167	225
187	225
221	225
206	226
215	226
203	227
217	227
219	227
172	228
178	228
216	228
211	229
219	229
227	229
75	230
162	230
205	230
206	230
211	230
213	230
2	231
202	231
212	231
135	232
217	232
225	232
227	232
228	232
16	233
54	233
146	233
205	233
217	233
220	233
229	233
64	234
123	234
149	234
188	234
209	234
218	234
137	235
159	235
171	235
207	235
212	235
224	235
230	235
232	235
147	236
208	236
6	237
49	237
68	237
215	237
218	237
219	237
222	237
227	237
136	238
156	238
178	238
202	238
206	238
229	238
231	238
201	239
225	239
166	240
205	240
210	240
219	240
224	240
231	240
206	241
237	241
231	242
173	243
203	243
206	243
208	243
211	243
214	243
226	243
227	243
239	243
24	244
223	244
227	244
228	244
4	245
20	245
127	245
205	245
206	245
229	245
234	245
50	246
146	246
212	246
223	246
63	247
133	247
214	247
237	247
241	247
8	248
201	248
202	248
218	248
231	248
232	248
247	248
174	249
185	249
218	249
222	249
233	249
235	249
240	249
242	249
75	250
114	250
202	250
232	250
233	250
234	250
248	250
141	251
206	251
226	251
230	251
244	251
246	251
30	252
55	252
130	252
183	252
202	252
203	252
211	252
217	252
229	252
233	252
234	252
239	252
240	252
132	253
208	253
210	253
228	253
237	253
9	254
19	254
70	254
71	254
107	254
116	254
224	254
228	254
236	254
251	254
23	255
126	255
166	255
208	255
212	255
218	255
219	255
221	255
29	256
112	256
181	256
203	256
208	256
211	256
220	256
240	256
244	256
126	257
156	257
189	257
193	257
203	257
220	257
231	257
239	257
243	257
251	257
10	258
22	258
112	258
185	258
224	258
226	258
43	259
83	259
210	259
212	259
240	259
247	259
59	260
104	260
223	260
230	260
235	260
243	260
246	260
255	260
46	261
204	261
229	261
244	261
47	262
206	262
219	262
220	262
241	262
246	262
247	262
258	262
186	263
215	263
217	263
219	263
222	263
223	263
231	263
234	263
253	263
80	264
221	264
225	264
227	264
228	264
233	264
237	264
250	264
194	265
218	265
220	265
243	265
248	265
82	266
146	266
158	266
227	266
228	266
234	266
235	266
236	266
246	266
25	267
73	267
171	267
222	267
107	268
117	268
146	268
195	268
204	268
205	268
211	268
225	268
229	268
236	268
244	268
247	268
249	268
59	269
77	269
135	269
146	269
213	269
221	269
228	269
233	269
236	269
259	269
260	269
264	269
204	270
207	270
208	270
219	270
236	270
238	270
242	270
243	270
248	270
260	270
261	270
268	270
210	271
216	271
222	271
225	271
229	271
244	271
248	271
253	271
256	271
268	271
269	271
29	272
69	272
135	272
204	272
212	272
216	272
226	272
235	272
254	272
261	272
1	273
30	273
89	273
214	273
223	273
226	273
233	273
258	273
260	273
272	273
200	274
216	274
232	274
249	274
250	274
251	274
253	274
257	274
271	274
205	275
227	275
229	275
235	275
236	275
238	275
240	275
248	275
258	275
265	275
273	275
109	276
151	276
170	276
212	276
218	276
222	276
239	276
240	276
246	276
247	276
259	276
261	276
6	277
213	277
222	277
236	277
248	277
250	277
259	277
130	278
201	278
222	278
238	278
242	278
243	278
246	278
261	278
263	278
266	278
267	278
268	278
272	278
273	278
197	279
211	279
212	279
222	279
224	279
233	279
249	279
255	279
258	279
259	279
263	279
264	279
60	280
168	280
210	280
213	280
233	280
244	280
250	280
263	280
123	281
211	281
235	281
236	281
237	281
245	281
255	281
260	281
264	281
120	282
122	282
201	282
211	282
226	282
242	282
250	282
255	282
258	282
263	282
265	282
277	282
19	283
95	283
146	283
203	283
205	283
225	283
229	283
247	283
261	283
267	283
269	283
66	284
172	284
213	284
221	284
229	284
238	284
265	284
271	284
274	284
185	285
203	285
208	285
214	285
221	285
248	285
263	285
264	285
269	285
275	285
276	285
85	286
108	286
201	286
202	286
234	286
236	286
268	286
274	286
196	287
214	287
221	287
231	287
244	287
254	287
260	287
261	287
268	287
270	287
271	287
274	287
280	287
282	287
13	288
23	288
33	288
122	288
130	288
153	288
206	288
212	288
215	288
216	288
226	288
228	288
234	288
261	288
269	288
274	288
284	288
285	288
65	289
169	289
207	289
218	289
229	289
232	289
242	289
244	289
247	289
248	289
276	289
280	289
34	290
49	290
136	290
162	290
204	290
221	290
228	290
231	290
236	290
246	290
253	290
275	290
286	290
78	291
146	291
203	291
211	291
241	291
279	291
286	291
82	292
229	292
231	292
247	292
249	292
255	292
268	292
280	292
287	292
17	293
60	293
211	293
214	293
221	293
237	293
256	293
274	293
281	293
283	293
38	294
114	294
138	294
205	294
226	294
240	294
243	294
255	294
279	294
291	294
293	294
150	295
207	295
209	295
211	295
219	295
243	295
251	295
264	295
272	295
276	295
277	295
278	295
282	295
286	295
74	296
135	296
142	296
166	296
213	296
232	296
256	296
265	296
271	296
275	296
277	296
287	296
212	297
214	297
219	297
232	297
234	297
242	297
253	297
261	297
264	297
267	297
281	297
289	297
292	297
61	298
82	298
188	298
211	298
228	298
244	298
248	298
257	298
282	298
290	298
297	298
17	299
163	299
181	299
207	299
229	299
231	299
234	299
244	299
247	299
248	299
260	299
276	299
284	299
295	299
296	299
298	299
161	300
204	300
206	300
212	300
224	300
227	300
230	300
232	300
233	300
234	300
239	300
241	300
255	300
270	300
276	300
288	300
290	300
299	300
116	301
175	302
223	302
2	303
254	303
140	304
187	304
291	304
33	305
44	305
301	305
303	305
88	307
123	307
19	308
84	308
225	308
304	308
7	309
47	309
274	309
301	309
303	309
307	309
308	309
3	310
67	310
110	310
121	310
164	310
210	310
308	310
309	310
225	311
235	311
7	312
56	312
162	312
198	312
214	312
216	312
213	313
271	313
80	314
157	314
239	314
295	314
58	315
122	315
209	315
298	315
313	315
29	316
86	316
100	316
258	316
275	316
47	317
90	317
205	317
309	317
311	317
138	318
165	318
290	318
301	318
21	319
56	319
196	319
303	319
305	319
310	319
75	320
169	320
192	320
272	320
319	320
71	321
277	321
305	321
311	321
317	321
58	322
94	322
253	322
307	322
312	322
62	323
85	323
192	323
205	323
213	323
246	323
261	323
302	323
306	323
309	323
319	323
320	323
190	324
303	324
307	324
308	324
313	324
314	324
316	324
42	325
45	325
66	325
85	325
225	325
307	325
312	325
313	325
43	326
81	326
85	326
158	326
314	326
316	326
123	327
163	327
304	327
309	327
317	327
10	328
54	328
305	328
312	328
322	328
75	329
313	329
324	329
199	330
222	330
227	330
307	330
310	330
311	330
312	330
79	331
81	331
125	331
156	331
245	331
310	331
316	331
321	331
327	331
328	331
45	332
52	332
84	332
97	332
99	332
151	332
174	332
327	332
309	333
223	334
297	334
313	334
135	335
182	335
298	335
306	335
308	335
316	335
328	335
333	335
61	336
167	336
302	336
305	336
326	336
192	337
321	337
325	337
65	338
194	338
316	338
316	339
317	339
319	339
327	339
103	340
159	340
306	340
307	340
331	340
34	341
202	341
213	341
286	341
301	341
312	341
313	341
329	341
336	341
100	342
167	342
218	342
305	342
336	342
341	342
50	343
56	343
145	343
156	343
203	343
307	343
313	343
321	343
326	343
20	344
66	344
182	344
196	344
201	344
316	344
317	344
321	344
325	344
317	345
323	345
336	345
339	345
21	346
88	346
274	346
309	346
310	346
324	346
153	347
213	347
304	347
305	347
308	347
318	347
321	347
327	347
334	347
340	347
18	348
134	348
169	348
301	348
303	348
304	348
318	348
322	348
327	348
343	348
345	348
24	349
180	349
303	349
307	349
311	349
312	349
335	349
128	350
176	350
299	350
306	350
308	350
317	350
319	350
323	350
338	350
343	350
1	351
155	351
256	351
302	351
307	351
333	351
342	351
322	352
330	352
331	352
332	352
343	352
346	352
81	353
220	353
275	353
311	353
312	353
322	353
323	353
326	353
327	353
341	353
344	353
345	353
28	354
187	354
240	354
278	354
281	354
306	354
313	354
324	354
326	354
333	354
348	354
307	355
315	355
320	355
338	355
344	355
347	355
348	355
349	355
168	356
323	356
334	356
17	357
150	357
213	357
291	357
301	357
316	357
6	358
145	358
166	358
223	358
252	358
289	358
307	358
333	358
341	358
343	358
347	358
353	358
61	359
87	359
142	359
310	359
322	359
326	359
329	359
358	359
31	360
122	360
218	360
306	360
317	360
324	360
339	360
346	360
16	361
284	361
296	361
327	361
330	361
335	361
337	361
338	361
345	361
354	361
50	362
70	362
136	362
142	362
154	362
239	362
320	362
349	362
354	362
359	362
113	363
164	363
259	363
319	363
328	363
329	363
358	363
59	364
140	364
263	364
280	364
318	364
327	364
336	364
346	364
13	365
25	365
164	365
264	365
326	365
332	365
337	365
352	365
309	366
324	366
325	366
347	366
351	366
365	366
131	367
180	367
306	367
310	367
315	367
329	367
334	367
335	367
340	367
343	367
345	367
50	368
72	368
302	368
320	368
331	368
337	368
340	368
347	368
350	368
126	369
139	369
229	369
309	369
330	369
344	369
353	369
47	370
141	370
161	370
303	370
305	370
310	370
320	370
348	370
354	370
355	370
369	370
136	371
302	371
310	371
320	371
329	371
339	371
369	371
301	372
313	372
315	372
319	372
322	372
370	372
1	373
119	373
298	373
299	373
303	373
304	373
314	373
319	373
327	373
331	373
351	373
361	373
8	374
123	374
207	374
216	374
302	374
315	374
347	374
348	374
367	374
263	375
300	375
324	375
327	375
329	375
333	375
341	375
355	375
369	375
71	376
154	376
226	376
276	376
315	376
335	376
339	376
348	376
96	377
271	377
299	377
302	377
320	377
328	377
339	377
354	377
147	378
250	378
314	378
323	378
325	378
331	378
350	378
360	378
372	378
375	378
163	379
182	379
208	379
303	379
305	379
311	379
316	379
318	379
322	379
337	379
342	379
352	379
364	379
376	379
13	380
186	380
222	380
304	380
320	380
366	380
368	380
369	380
51	381
159	381
309	381
323	381
344	381
353	381
354	381
355	381
363	381
364	381
366	381
368	381
376	381
104	382
105	382
146	382
233	382
308	382
313	382
323	382
329	382
340	382
341	382
343	382
352	382
380	382
127	383
191	383
356	383
367	383
379	383
308	384
337	384
339	384
351	384
382	384
135	385
190	385
306	385
331	385
332	385
341	385
346	385
360	385
362	385
376	385
221	386
226	386
301	386
307	386
312	386
314	386
331	386
338	386
348	386
351	386
364	386
366	386
370	386
377	386
26	387
273	387
312	387
321	387
369	387
375	387
377	387
85	388
295	388
306	388
309	388
329	388
335	388
336	388
342	388
346	388
351	388
362	388
375	388
382	388
11	389
16	389
116	389
290	389
302	389
309	389
360	389
364	389
383	389
56	390
83	390
279	390
311	390
320	390
321	390
339	390
377	390
381	390
383	390
386	390
2	391
152	391
167	391
322	391
326	391
348	391
374	391
29	392
177	392
302	392
309	392
318	392
343	392
346	392
359	392
303	393
309	393
317	393
322	393
328	393
330	393
364	393
368	393
370	393
373	393
374	393
375	393
383	393
389	393
106	394
234	394
303	394
316	394
371	394
376	394
390	394
249	395
317	395
323	395
335	395
347	395
374	395
375	395
379	395
389	395
35	396
116	396
157	396
304	396
317	396
326	396
331	396
333	396
334	396
357	396
369	396
373	396
378	396
383	396
388	396
393	396
156	397
166	397
301	397
310	397
369	397
372	397
374	397
28	398
56	398
109	398
127	398
171	398
314	398
316	398
322	398
330	398
335	398
345	398
351	398
368	398
371	398
375	398
380	398
382	398
396	398
97	399
98	399
278	399
285	399
301	399
306	399
309	399
314	399
341	399
344	399
349	399
359	399
369	399
398	399
15	400
88	400
277	400
308	400
309	400
312	400
317	400
324	400
337	400
352	400
367	400
378	400
379	400
381	400
84	401
103	401
120	401
236	401
241	401
321	401
334	401
339	401
16	402
94	402
246	402
273	402
9	403
42	403
101	403
190	403
262	403
50	404
60	404
396	404
120	405
366	405
33	406
40	406
60	406
105	406
162	406
226	406
266	406
313	406
336	406
374	406
5	407
22	407
142	407
166	407
269	407
290	407
399	407
401	407
403	407
2	408
108	408
122	408
178	408
281	408
386	408
407	408
139	409
301	409
42	410
401	410
62	411
194	411
335	411
364	411
403	411
408	411
134	412
237	412
295	412
407	412
69	413
102	413
201	413
277	413
288	413
378	413
396	413
406	413
15	414
82	414
96	414
121	414
169	414
182	414
238	414
244	414
78	415
82	415
149	415
292	415
70	416
72	416
265	416
388	416
403	416
413	416
415	416
104	417
148	417
201	417
289	417
370	417
403	417
202	418
269	418
318	418
409	418
417	418
105	419
124	419
284	419
253	420
405	420
409	420
414	420
224	421
280	421
316	421
415	421
416	421
191	422
401	422
415	422
393	423
398	423
403	423
9	424
262	424
405	424
407	424
418	424
169	425
220	425
274	425
283	425
364	425
404	425
416	425
421	425
422	425
47	426
128	426
216	426
316	426
327	426
360	426
412	426
42	427
85	427
104	427
285	427
403	427
114	428
179	428
223	428
253	428
279	428
352	428
415	428
419	428
425	428
40	429
135	429
168	429
311	429
402	429
409	429
93	430
213	430
404	430
413	430
421	430
422	430
142	431
248	431
410	431
417	431
45	432
230	432
303	432
329	432
430	432
82	433
99	433
112	433
119	433
325	433
413	433
427	433
73	434
261	434
296	434
311	434
317	434
346	434
404	434
405	434
410	434
412	434
419	434
431	434
433	434
65	435
165	435
180	435
267	435
335	435
401	435
405	435
427	435
364	436
407	436
418	436
421	436
433	436
180	437
283	437
311	437
402	437
406	437
87	438
310	438
431	438
37	439
93	439
191	439
406	439
416	439
431	439
437	439
186	440
310	440
370	440
419	440
435	440
84	441
125	441
242	441
331	441
392	441
401	441
407	441
412	441
415	441
416	441
417	441
421	441
431	441
432	441
434	441
414	442
437	442
441	442
117	443
141	443
377	443
411	443
436	443
437	443
438	443
124	444
366	444
401	444
427	444
431	444
47	445
67	445
418	445
432	445
436	445
437	445
202	446
252	446
421	446
433	446
440	446
2	447
34	447
93	447
267	447
271	447
347	447
403	447
405	447
409	447
416	447
417	447
421	447
444	447
230	448
241	448
276	448
411	448
419	448
432	448
445	448
86	449
95	449
138	449
152	449
178	449
243	449
413	449
433	449
447	449
117	450
361	450
420	450
424	450
37	451
326	451
433	451
434	451
443	451
444	451
446	451
449	451
21	452
136	452
217	452
297	452
361	452
426	452
428	452
450	452
451	452
307	453
370	453
407	453
409	453
411	453
412	453
420	453
431	453
433	453
436	453
449	453
28	454
202	454
390	454
429	454
435	454
452	454
114	455
387	455
401	455
406	455
411	455
418	455
438	455
452	455
1	456
136	456
392	456
415	456
425	456
426	456
428	456
432	456
434	456
439	456
149	457
161	457
421	457
427	457
428	457
433	457
442	457
456	457
382	458
402	458
408	458
415	458
432	458
447	458
455	458
456	458
15	459
147	459
433	459
434	459
444	459
450	459
17	460
235	460
408	460
409	460
414	460
417	460
430	460
432	460
272	461
295	461
406	461
414	461
418	461
419	461
420	461
432	461
454	461
455	461
458	461
19	462
103	462
123	462
134	462
331	462
372	462
444	462
447	462
454	462
160	463
166	463
224	463
368	463
418	463
423	463
429	463
430	463
434	463
438	463
440	463
443	463
23	464
66	464
320	464
405	464
418	464
443	464
447	464
448	464
61	465
102	465
142	465
273	465
343	465
398	465
413	465
430	465
440	465
442	465
449	465
454	465
464	465
71	466
298	466
414	466
438	466
448	466
449	466
458	466
459	466
47	467
70	467
170	467
173	467
403	467
404	467
419	467
421	467
432	467
435	467
438	467
442	467
466	467
348	468
379	468
404	468
405	468
424	468
447	468
195	469
273	469
311	469
375	469
434	469
443	469
447	469
448	469
449	469
454	469
468	469
21	470
26	470
43	470
234	470
269	470
329	470
358	470
405	470
420	470
425	470
428	470
440	470
451	470
453	470
457	470
31	471
243	471
299	471
343	471
423	471
433	471
441	471
452	471
465	471
70	472
212	472
264	472
397	472
401	472
405	472
406	472
410	472
414	472
417	472
432	472
434	472
439	472
442	472
458	472
470	472
86	473
112	473
120	473
133	473
238	473
409	473
411	473
413	473
414	473
428	473
438	473
439	473
448	473
466	473
469	473
472	473
49	474
213	474
218	474
242	474
244	474
267	474
312	474
404	474
418	474
423	474
425	474
429	474
431	474
450	474
451	474
471	474
473	474
150	475
406	475
410	475
411	475
413	475
414	475
415	475
417	475
422	475
435	475
436	475
470	475
88	476
124	476
216	476
246	476
427	476
430	476
433	476
441	476
442	476
451	476
458	476
459	476
463	476
464	476
16	477
195	477
304	477
331	477
412	477
425	477
426	477
435	477
440	477
442	477
452	477
456	477
468	477
473	477
38	478
41	478
93	478
158	478
185	478
370	478
405	478
414	478
422	478
423	478
428	478
431	478
434	478
444	478
452	478
463	478
464	478
89	479
193	479
329	479
334	479
401	479
404	479
407	479
410	479
416	479
417	479
430	479
448	479
449	479
465	479
467	479
112	480
313	480
358	480
397	480
406	480
414	480
416	480
433	480
435	480
452	480
456	480
40	481
131	481
214	481
264	481
339	481
367	481
425	481
434	481
440	481
448	481
457	481
466	481
474	481
6	482
43	482
65	482
204	482
224	482
272	482
334	482
403	482
428	482
429	482
435	482
444	482
454	482
468	482
158	483
189	483
276	483
401	483
403	483
413	483
423	483
436	483
437	483
442	483
443	483
476	483
477	483
482	483
17	484
49	484
62	484
122	484
197	484
258	484
340	484
374	484
402	484
406	484
408	484
415	484
416	484
432	484
449	484
482	484
20	485
23	485
321	485
415	485
419	485
426	485
444	485
455	485
458	485
466	485
479	485
121	486
164	486
322	486
420	486
425	486
453	486
461	486
463	486
464	486
465	486
473	486
474	486
479	486
202	487
255	487
366	487
405	487
408	487
414	487
418	487
419	487
420	487
432	487
448	487
459	487
461	487
462	487
465	487
467	487
468	487
479	487
482	487
239	488
296	488
326	488
423	488
432	488
444	488
487	488
24	489
169	489
263	489
366	489
402	489
403	489
411	489
420	489
428	489
431	489
432	489
436	489
440	489
441	489
449	489
450	489
472	489
485	489
25	490
72	490
160	490
304	490
318	490
401	490
403	490
413	490
437	490
453	490
466	490
472	490
474	490
487	490
4	491
143	491
192	491
207	491
423	491
461	491
466	491
473	491
478	491
479	491
481	491
488	491
177	492
464	492
471	492
472	492
485	492
489	492
62	493
252	493
340	493
342	493
406	493
423	493
424	493
437	493
443	493
453	493
473	493
485	493
488	493
30	494
41	494
309	494
405	494
411	494
422	494
433	494
451	494
461	494
31	495
44	495
121	495
234	495
337	495
411	495
421	495
444	495
445	495
447	495
452	495
479	495
480	495
492	495
216	496
414	496
417	496
424	496
440	496
448	496
465	496
478	496
480	496
484	496
487	496
489	496
179	497
379	497
412	497
414	497
420	497
437	497
453	497
462	497
109	498
152	498
320	498
345	498
350	498
403	498
419	498
436	498
438	498
442	498
455	498
457	498
465	498
466	498
490	498
491	498
27	499
118	499
165	499
372	499
412	499
415	499
421	499
429	499
434	499
440	499
449	499
458	499
460	499
462	499
465	499
16	500
32	500
82	500
195	500
239	500
415	500
430	500
437	500
439	500
455	500
456	500
477	500
480	500
482	500
489	500
499	500
89	501
146	501
200	501
65	502
92	502
113	502
204	502
467	502
501	502
86	503
143	503
229	503
349	503
419	503
431	503
453	503
498	503
120	504
158	504
179	504
217	504
251	504
405	505
417	505
30	506
103	506
187	506
336	506
407	506
502	506
69	507
165	507
259	507
287	507
503	507
506	507
79	508
206	508
265	508
276	508
417	508
446	508
262	509
490	509
503	509
504	509
507	509
30	510
165	510
175	510
190	510
293	510
358	510
377	510
508	510
249	511
288	511
293	511
386	511
425	511
502	511
172	512
236	512
504	512
510	512
56	513
100	513
138	513
184	513
512	513
45	514
124	514
168	514
290	514
327	514
405	514
502	514
80	515
117	515
190	515
507	515
39	516
52	516
162	516
212	516
243	516
309	516
403	516
412	516
419	516
506	516
508	516
514	516
26	517
111	517
213	517
215	517
240	517
501	517
504	517
506	517
511	517
87	518
234	518
516	518
517	518
163	519
313	519
314	519
351	519
501	519
6	520
194	520
221	520
412	520
501	520
509	520
513	520
518	520
99	521
120	521
501	521
506	521
515	521
519	521
520	521
230	522
343	522
400	522
411	522
493	522
513	522
516	522
519	522
212	523
260	523
427	523
438	523
480	523
505	523
506	523
512	523
138	524
358	524
382	524
452	524
501	524
510	524
512	524
106	525
269	525
329	525
374	525
440	525
462	525
495	525
516	525
519	525
522	525
43	526
169	526
274	526
316	526
341	526
397	526
402	526
502	526
505	526
513	526
522	526
524	526
40	527
204	527
236	527
264	527
396	527
416	527
442	527
472	527
508	527
523	527
524	527
526	527
14	528
22	528
223	528
309	528
417	528
513	528
522	528
523	528
186	529
235	529
250	529
267	529
315	529
317	529
413	529
506	529
524	529
525	529
43	530
53	530
252	530
319	530
507	530
512	530
521	530
525	530
45	531
157	531
225	531
346	531
440	531
508	531
522	531
8	532
47	532
62	532
258	532
279	532
292	532
343	532
446	532
524	532
527	532
32	533
51	533
55	533
102	533
192	533
195	533
276	533
312	533
501	533
504	533
505	533
510	533
514	533
524	533
183	534
280	534
502	534
528	534
532	534
2	535
282	535
504	535
506	535
509	535
520	535
533	535
59	536
226	536
266	536
288	536
328	536
405	536
457	536
487	536
508	536
521	536
529	536
135	537
377	537
399	537
506	537
521	537
531	537
113	538
284	538
289	538
305	538
361	538
395	538
31	539
58	539
111	539
140	539
266	539
437	539
452	539
516	539
524	539
536	539
88	540
89	540
165	540
502	540
508	540
510	540
513	540
518	540
519	540
520	540
527	540
531	540
532	540
111	541
154	541
155	541
165	541
202	541
504	541
508	541
512	541
522	541
527	541
530	541
534	541
540	541
69	542
113	542
134	542
216	542
250	542
309	542
337	542
493	542
505	542
514	542
519	542
532	542
533	542
536	542
537	542
538	542
100	543
133	543
136	543
140	543
161	543
284	543
317	543
476	543
510	543
520	543
537	543
85	544
105	544
178	544
276	544
412	544
501	544
502	544
512	544
520	544
543	544
21	545
46	545
200	545
305	545
476	545
513	545
531	545
535	545
16	546
36	546
149	546
216	546
380	546
442	546
514	546
519	546
541	546
56	547
66	547
157	547
258	547
367	547
432	547
461	547
512	547
533	547
88	548
208	548
391	548
396	548
507	548
519	548
523	548
526	548
531	548
31	549
198	549
242	549
262	549
340	549
379	549
461	549
504	549
506	549
513	549
524	549
531	549
36	550
122	550
352	550
519	550
539	550
39	551
142	551
165	551
264	551
286	551
314	551
401	551
405	551
414	551
528	551
533	551
549	551
12	552
69	552
81	552
88	552
132	552
182	552
189	552
261	552
388	552
535	552
539	552
540	552
549	552
17	553
29	553
47	553
66	553
195	553
319	553
542	553
122	554
189	554
230	554
335	554
515	554
518	554
534	554
537	554
538	554
545	554
549	554
110	555
423	555
485	555
491	555
503	555
507	555
523	555
532	555
536	555
54	556
175	556
179	556
320	556
509	556
517	556
522	556
532	556
533	556
534	556
541	556
545	556
19	557
142	557
153	557
173	557
281	557
504	557
515	557
528	557
531	557
542	557
548	557
26	558
137	558
153	558
191	558
333	558
485	558
491	558
507	558
522	558
530	558
535	558
540	558
541	558
21	559
67	559
84	559
144	559
154	559
292	559
294	559
425	559
433	559
479	559
502	559
510	559
515	559
525	559
527	559
529	559
532	559
547	559
549	559
556	559
558	559
156	560
163	560
397	560
447	560
473	560
542	560
559	560
342	561
405	561
505	561
510	561
518	561
522	561
529	561
537	561
541	561
9	562
79	562
197	562
360	562
480	562
483	562
503	562
505	562
513	562
515	562
556	562
47	563
260	563
209	564
223	564
261	564
282	564
502	564
513	564
535	564
540	564
550	564
8	565
265	565
503	565
519	565
526	565
540	565
91	566
250	566
438	566
501	566
505	566
512	566
521	566
527	566
530	566
538	566
549	566
553	566
217	567
283	567
380	567
459	567
505	567
535	567
545	567
550	567
553	567
3	568
68	568
107	568
233	568
382	568
438	568
469	568
504	568
506	568
512	568
519	568
520	568
533	568
549	568
7	569
32	569
323	569
482	569
503	569
505	569
511	569
513	569
521	569
530	569
536	569
539	569
549	569
558	569
561	569
568	569
241	570
268	570
324	570
357	570
438	570
506	570
510	570
517	570
522	570
528	570
535	570
549	570
553	570
565	570
135	571
191	571
245	571
345	571
405	571
479	571
518	571
528	571
531	571
542	571
558	571
564	571
364	572
512	572
519	572
535	572
543	572
556	572
559	572
566	572
140	573
162	573
258	573
271	573
361	573
506	573
517	573
21	574
101	574
120	574
281	574
378	574
501	574
515	574
525	574
537	574
547	574
559	574
571	574
46	575
47	575
49	575
73	575
97	575
114	575
166	575
258	575
439	575
528	575
542	575
560	575
561	575
566	575
246	576
337	576
367	576
504	576
510	576
511	576
518	576
519	576
523	576
525	576
529	576
534	576
541	576
12	577
92	577
203	577
214	577
515	577
530	577
533	577
544	577
553	577
559	577
573	577
11	578
22	578
167	578
170	578
280	578
505	578
507	578
518	578
521	578
531	578
540	578
569	578
55	579
67	579
459	579
516	579
521	579
523	579
524	579
544	579
548	579
552	579
572	579
574	579
575	579
22	580
213	580
385	580
509	580
518	580
548	580
558	580
570	580
576	580
35	581
67	581
216	581
315	581
551	581
552	581
572	581
54	582
171	582
239	582
455	582
506	582
525	582
541	582
543	582
549	582
563	582
572	582
30	583
288	583
349	583
436	583
501	583
514	583
527	583
544	583
547	583
551	583
557	583
560	583
563	583
565	583
575	583
577	583
226	584
233	584
297	584
330	584
357	584
435	584
448	584
508	584
520	584
529	584
539	584
551	584
574	584
577	584
582	584
14	585
29	585
36	585
122	585
161	585
344	585
422	585
499	585
513	585
517	585
519	585
523	585
525	585
541	585
553	585
567	585
570	585
573	585
576	585
581	585
352	586
445	586
447	586
508	586
513	586
518	586
527	586
533	586
544	586
564	586
573	586
575	586
580	586
47	587
200	587
229	587
268	587
401	587
513	587
524	587
555	587
560	587
564	587
565	587
571	587
573	587
580	587
583	587
107	588
211	588
267	588
396	588
501	588
511	588
513	588
526	588
560	588
561	588
568	588
578	588
586	588
60	589
214	589
223	589
236	589
264	589
384	589
432	589
510	589
512	589
513	589
515	589
538	589
545	589
546	589
552	589
561	589
562	589
576	589
581	589
1	590
266	590
466	590
504	590
505	590
522	590
531	590
532	590
561	590
576	590
580	590
369	591
375	591
507	591
546	591
547	591
568	591
570	591
335	592
350	592
506	592
517	592
519	592
520	592
527	592
542	592
557	592
563	592
564	592
573	592
577	592
583	592
590	592
40	593
92	593
270	593
369	593
469	593
556	593
560	593
579	593
588	593
91	594
152	594
212	594
278	594
350	594
379	594
412	594
446	594
507	594
516	594
518	594
545	594
563	594
580	594
582	594
583	594
585	594
588	594
224	595
386	595
427	595
510	595
511	595
516	595
561	595
565	595
589	595
594	595
18	596
139	596
168	596
217	596
449	596
519	596
526	596
545	596
547	596
568	596
570	596
572	596
575	596
57	597
81	597
442	597
503	597
545	597
566	597
66	598
167	598
272	598
381	598
436	598
459	598
501	598
505	598
508	598
524	598
560	598
567	598
573	598
578	598
586	598
588	598
591	598
593	598
141	599
208	599
501	599
512	599
513	599
518	599
521	599
522	599
539	599
540	599
549	599
581	599
590	599
17	600
169	600
200	600
524	600
525	600
527	600
532	600
534	600
550	600
565	600
569	600
586	600
201	601
231	601
219	602
221	602
383	602
449	602
478	602
501	602
11	603
184	603
383	603
572	603
583	603
53	604
111	604
113	604
299	604
342	604
345	604
363	604
379	604
499	604
156	605
251	605
319	605
597	605
126	606
202	606
254	606
284	606
370	606
554	606
604	606
419	607
442	607
464	607
601	607
604	607
31	608
42	608
93	608
312	608
484	608
489	608
524	608
602	608
146	609
197	609
217	609
334	609
345	609
358	609
373	609
384	609
501	609
527	609
570	609
32	610
59	610
211	610
469	610
556	610
595	610
194	611
215	611
402	611
421	611
426	611
449	611
35	612
306	612
523	612
172	613
233	613
507	613
605	613
610	613
122	614
146	614
295	614
297	614
315	614
371	614
456	614
461	614
482	614
483	614
520	614
604	614
612	614
66	615
117	615
598	615
607	615
16	616
109	616
136	616
172	616
223	616
342	616
347	616
381	616
602	616
604	616
612	616
615	616
122	617
124	617
130	617
204	617
417	617
532	617
608	617
29	618
156	618
309	618
341	618
422	618
451	618
476	618
609	618
612	618
132	619
270	619
502	619
517	619
32	620
263	620
308	620
425	620
434	620
606	620
609	620
613	620
62	621
98	621
116	621
122	621
142	621
354	621
361	621
404	621
407	621
495	621
499	621
567	621
602	621
611	621
612	621
613	621
3	622
214	622
388	622
404	622
461	622
125	623
407	623
471	623
614	623
622	623
257	624
299	624
327	624
479	624
575	624
591	624
597	624
606	624
93	625
202	625
349	625
496	625
573	625
604	625
624	625
13	626
137	626
186	626
197	626
522	626
594	626
603	626
619	626
12	627
229	627
261	627
317	627
467	627
601	627
609	627
615	627
616	627
80	628
164	628
265	628
622	628
97	629
107	629
128	629
326	629
371	629
526	629
590	629
611	629
623	629
58	630
163	630
179	630
310	630
312	630
314	630
415	630
447	630
478	630
613	630
70	631
179	631
264	631
385	631
392	631
463	631
514	631
609	631
620	631
630	631
19	632
26	632
331	632
337	632
403	632
426	632
447	632
503	632
600	632
624	632
629	632
83	633
153	633
454	633
508	633
609	633
614	633
632	633
85	634
173	634
372	634
388	634
521	634
612	634
617	634
619	634
17	635
153	635
263	635
295	635
409	635
473	635
617	635
621	635
622	635
625	635
556	636
617	636
25	637
257	637
453	637
607	637
617	637
622	637
624	637
628	637
629	637
630	637
42	638
90	638
109	638
374	638
456	638
486	638
566	638
578	638
603	638
605	638
615	638
620	638
624	638
75	639
145	639
317	639
420	639
560	639
619	639
620	639
629	639
636	639
1	640
175	640
201	640
228	640
276	640
450	640
501	640
604	640
606	640
625	640
629	640
631	640
635	640
637	640
71	641
181	641
442	641
603	641
611	641
620	641
626	641
634	641
31	642
151	642
170	642
195	642
332	642
343	642
538	642
605	642
624	642
640	642
30	643
230	643
435	643
460	643
605	643
612	643
628	643
629	643
110	644
288	644
337	644
610	644
615	644
628	644
58	645
119	645
263	645
467	645
496	645
604	645
613	645
628	645
633	645
638	645
11	646
31	646
66	646
166	646
202	646
279	646
421	646
475	646
485	646
555	646
581	646
605	646
618	646
622	646
642	646
29	647
70	647
102	647
151	647
371	647
508	647
513	647
542	647
604	647
610	647
618	647
619	647
628	647
636	647
640	647
43	648
312	648
318	648
359	648
604	648
620	648
633	648
637	648
644	648
59	649
76	649
244	649
403	649
569	649
624	649
643	649
648	649
348	650
523	650
604	650
619	650
623	650
635	650
640	650
18	651
324	651
507	651
554	651
604	651
610	651
613	651
619	651
632	651
649	651
130	652
135	652
221	652
243	652
319	652
637	652
642	652
82	653
140	653
152	653
303	653
350	653
353	653
458	653
532	653
605	653
609	653
613	653
623	653
650	653
71	654
133	654
466	654
618	654
643	654
647	654
3	655
6	655
327	655
380	655
460	655
482	655
507	655
608	655
609	655
611	655
620	655
621	655
624	655
631	655
637	655
638	655
653	655
197	656
285	656
361	656
535	656
601	656
609	656
611	656
615	656
619	656
621	656
627	656
630	656
632	656
643	656
654	656
131	657
150	657
207	657
267	657
355	657
501	657
526	657
626	657
633	657
637	657
6	658
152	658
410	658
433	658
446	658
603	658
604	658
609	658
610	658
613	658
624	658
627	658
629	658
62	659
94	659
100	659
150	659
411	659
463	659
577	659
605	659
614	659
12	660
224	660
228	660
252	660
327	660
330	660
358	660
559	660
612	660
623	660
625	660
647	660
653	660
654	660
655	660
116	661
205	661
541	661
609	661
610	661
614	661
622	661
642	661
644	661
646	661
649	661
255	662
258	662
316	662
344	662
387	662
481	662
602	662
618	662
623	662
642	662
219	663
225	663
227	663
242	663
250	663
377	663
405	663
448	663
510	663
554	663
609	663
614	663
615	663
617	663
622	663
637	663
638	663
116	664
148	664
150	664
181	664
198	664
325	664
336	664
608	664
635	664
645	664
650	664
38	665
42	665
65	665
336	665
347	665
434	665
517	665
601	665
606	665
638	665
644	665
650	665
654	665
658	665
62	666
294	666
317	666
353	666
410	666
463	666
591	666
609	666
630	666
647	666
289	667
451	667
459	667
501	667
555	667
607	667
624	667
625	667
629	667
632	667
648	667
649	667
657	667
47	668
124	668
135	668
368	668
451	668
549	668
603	668
612	668
614	668
623	668
633	668
641	668
662	668
665	668
1	669
7	669
9	669
102	669
145	669
256	669
291	669
423	669
461	669
601	669
612	669
616	669
621	669
623	669
635	669
639	669
661	669
666	669
16	670
80	670
129	670
279	670
303	670
331	670
370	670
410	670
445	670
604	670
616	670
624	670
638	670
654	670
655	670
664	670
666	670
54	671
103	671
187	671
256	671
326	671
396	671
511	671
572	671
615	671
617	671
619	671
642	671
650	671
657	671
669	671
25	672
30	672
180	672
403	672
429	672
601	672
608	672
635	672
662	672
23	673
136	673
147	673
207	673
210	673
253	673
403	673
428	673
504	673
576	673
605	673
622	673
632	673
635	673
197	674
322	674
407	674
612	674
644	674
655	674
151	675
369	675
510	675
546	675
583	675
622	675
626	675
637	675
652	675
669	675
670	675
133	676
522	676
608	676
614	676
635	676
637	676
667	676
137	677
189	677
477	677
553	677
575	677
582	677
630	677
633	677
664	677
665	677
675	677
331	678
446	678
462	678
468	678
572	678
591	678
620	678
659	678
337	679
602	679
605	679
614	679
625	679
628	679
656	679
661	679
664	679
665	679
669	679
212	680
271	680
273	680
487	680
616	680
626	680
653	680
669	680
10	681
22	681
203	681
251	681
421	681
561	681
607	681
616	681
620	681
625	681
638	681
643	681
677	681
124	682
138	682
155	682
173	682
298	682
473	682
498	682
506	682
604	682
609	682
612	682
615	682
619	682
637	682
648	682
649	682
651	682
659	682
661	682
120	683
174	683
200	683
300	683
315	683
406	683
468	683
478	683
561	683
607	683
614	683
635	683
638	683
644	683
648	683
676	683
678	683
69	684
192	684
249	684
457	684
547	684
605	684
612	684
615	684
617	684
93	685
290	685
306	685
366	685
469	685
478	685
498	685
525	685
602	685
612	685
636	685
640	685
644	685
670	685
679	685
4	686
93	686
253	686
300	686
306	686
526	686
619	686
653	686
654	686
669	686
35	687
75	687
112	687
122	687
226	687
332	687
518	687
602	687
603	687
612	687
615	687
618	687
635	687
640	687
651	687
660	687
8	688
97	688
454	688
614	688
619	688
627	688
629	688
630	688
635	688
650	688
685	688
224	689
298	689
321	689
369	689
484	689
566	689
604	689
645	689
651	689
653	689
677	689
684	689
687	689
91	690
212	690
241	690
492	690
573	690
586	690
607	690
612	690
617	690
626	690
637	690
643	690
645	690
655	690
656	690
659	690
661	690
665	690
677	690
681	690
47	691
296	691
353	691
556	691
572	691
609	691
618	691
643	691
654	691
670	691
675	691
682	691
105	692
145	692
177	692
260	692
286	692
319	692
332	692
430	692
509	692
559	692
605	692
621	692
627	692
628	692
648	692
650	692
655	692
658	692
666	692
676	692
683	692
48	693
114	693
416	693
611	693
645	693
646	693
649	693
673	693
677	693
181	694
235	694
254	694
255	694
515	694
619	694
620	694
621	694
626	694
648	694
654	694
657	694
660	694
662	694
664	694
667	694
126	695
267	695
297	695
434	695
440	695
511	695
570	695
604	695
611	695
628	695
636	695
650	695
660	695
677	695
72	696
82	696
120	696
324	696
332	696
435	696
455	696
502	696
605	696
617	696
620	696
626	696
634	696
648	696
654	696
681	696
11	697
50	697
57	697
172	697
233	697
335	697
510	697
526	697
561	697
577	697
604	697
610	697
616	697
631	697
637	697
649	697
651	697
657	697
668	697
672	697
675	697
677	697
691	697
65	698
93	698
97	698
608	698
616	698
626	698
635	698
642	698
644	698
652	698
655	698
662	698
669	698
682	698
2	699
44	699
68	699
78	699
134	699
470	699
590	699
602	699
606	699
608	699
611	699
618	699
626	699
636	699
641	699
668	699
669	699
673	699
691	699
695	699
696	699
68	700
221	700
236	700
420	700
429	700
466	700
494	700
605	700
606	700
622	700
627	700
636	700
642	700
646	700
651	700
653	700
692	700
189	701
201	701
300	701
351	701
557	701
678	701
19	702
63	702
76	702
290	702
299	702
470	702
474	702
532	702
76	703
80	703
145	703
152	703
191	703
474	703
635	703
701	703
25	704
71	704
300	704
434	704
517	704
585	704
643	704
20	705
184	705
342	705
346	705
531	705
703	705
304	706
699	706
85	707
98	707
147	707
150	707
242	707
244	707
271	707
290	707
652	707
669	707
248	708
306	708
335	708
411	708
596	708
61	709
72	709
170	709
184	709
222	709
487	709
508	709
2	710
119	710
206	710
321	710
444	710
487	710
568	710
573	710
574	710
605	710
701	710
28	711
175	711
251	711
477	711
478	711
707	711
100	712
157	712
339	712
452	712
575	712
257	713
366	713
426	713
573	713
703	713
704	713
706	713
711	713
712	713
141	714
226	714
270	714
333	714
495	714
706	714
711	714
15	715
160	715
173	715
239	715
254	715
330	715
511	715
682	715
687	715
708	715
713	715
35	716
121	716
277	716
527	716
584	716
705	716
262	717
283	717
379	717
464	717
606	717
710	717
715	717
35	718
206	718
232	718
503	718
602	718
645	718
715	718
50	719
67	719
92	719
436	719
438	719
470	719
567	719
682	719
705	719
67	720
70	720
83	720
114	720
148	720
187	720
377	720
400	720
511	720
624	720
705	720
709	720
208	721
243	721
337	721
371	721
391	721
413	721
450	721
520	721
608	721
67	722
151	722
221	722
289	722
402	722
580	722
616	722
639	722
653	722
703	722
715	722
55	723
156	723
260	723
465	723
601	723
721	723
722	723
8	724
85	724
202	724
232	724
239	724
272	724
297	724
341	724
427	724
486	724
561	724
589	724
704	724
708	724
713	724
721	724
103	725
355	725
24	726
32	726
107	726
588	726
707	726
723	726
724	726
325	727
395	727
573	727
615	727
679	727
681	727
701	727
703	727
704	727
713	727
23	728
204	728
299	728
375	728
502	728
705	728
720	728
727	728
12	729
28	729
108	729
136	729
220	729
242	729
330	729
352	729
423	729
543	729
572	729
707	729
709	729
726	729
138	730
172	730
241	730
246	730
337	730
417	730
432	730
638	730
704	730
721	730
722	730
723	730
1	731
193	731
287	731
331	731
343	731
628	731
634	731
702	731
713	731
716	731
717	731
724	731
726	731
730	731
18	732
93	732
122	732
165	732
192	732
459	732
689	732
704	732
708	732
717	732
720	732
723	732
725	732
118	733
239	733
258	733
276	733
462	733
483	733
555	733
579	733
622	733
680	733
692	733
720	733
728	733
123	734
149	734
166	734
276	734
278	734
382	734
398	734
500	734
653	734
658	734
692	734
706	734
711	734
715	734
724	734
726	734
12	735
20	735
44	735
115	735
337	735
540	735
577	735
633	735
700	735
714	735
715	735
722	735
66	736
108	736
139	736
331	736
358	736
402	736
410	736
558	736
703	736
715	736
251	737
279	737
292	737
380	737
524	737
586	737
612	737
716	737
730	737
732	737
28	738
53	738
114	738
177	738
228	738
280	738
349	738
401	738
640	738
715	738
726	738
728	738
731	738
1	739
96	739
157	739
326	739
363	739
703	739
710	739
712	739
723	739
738	739
33	740
46	740
62	740
73	740
90	740
94	740
172	740
395	740
449	740
521	740
656	740
695	740
724	740
108	741
279	741
547	741
707	741
715	741
717	741
718	741
731	741
735	741
103	742
130	742
153	742
184	742
219	742
326	742
353	742
530	742
557	742
677	742
689	742
701	742
708	742
713	742
716	742
720	742
727	742
738	742
30	743
49	743
233	743
241	743
285	743
598	743
710	743
718	743
723	743
742	743
26	744
54	744
62	744
75	744
102	744
343	744
503	744
569	744
683	744
706	744
728	744
733	744
741	744
742	744
162	745
274	745
500	745
705	745
710	745
725	745
731	745
19	746
38	746
176	746
250	746
263	746
397	746
536	746
704	746
712	746
714	746
718	746
725	746
745	746
51	747
65	747
279	747
280	747
332	747
530	747
605	747
652	747
660	747
709	747
714	747
733	747
745	747
102	748
153	748
266	748
297	748
421	748
523	748
644	748
661	748
706	748
708	748
714	748
717	748
718	748
732	748
738	748
739	748
741	748
747	748
135	749
181	749
219	749
248	749
285	749
287	749
328	749
373	749
419	749
568	749
663	749
718	749
734	749
736	749
740	749
742	749
744	749
135	750
225	750
244	750
306	750
341	750
357	750
398	750
675	750
712	750
725	750
726	750
727	750
732	750
734	750
736	750
737	750
739	750
25	751
202	751
631	751
704	751
723	751
728	751
743	751
750	751
66	752
178	752
183	752
391	752
502	752
577	752
581	752
609	752
701	752
733	752
738	752
159	753
209	753
225	753
420	753
607	753
700	753
722	753
728	753
736	753
750	753
33	754
111	754
234	754
305	754
470	754
522	754
585	754
633	754
702	754
706	754
734	754
742	754
750	754
21	755
51	755
120	755
419	755
432	755
579	755
660	755
684	755
699	755
710	755
729	755
734	755
751	755
118	756
168	756
450	756
465	756
500	756
534	756
626	756
668	756
709	756
714	756
716	756
739	756
741	756
743	756
747	756
750	756
4	757
81	757
227	757
355	757
701	757
710	757
721	757
728	757
73	758
257	758
348	758
480	758
544	758
675	758
697	758
704	758
747	758
40	759
54	759
186	759
200	759
401	759
474	759
511	759
707	759
728	759
731	759
738	759
749	759
175	760
471	760
650	760
710	760
758	760
44	761
124	761
398	761
525	761
625	761
640	761
718	761
720	761
729	761
754	761
756	761
7	762
51	762
64	762
209	762
233	762
326	762
336	762
342	762
410	762
442	762
539	762
549	762
573	762
608	762
716	762
723	762
751	762
753	762
109	763
243	763
442	763
446	763
561	763
571	763
588	763
616	763
638	763
709	763
721	763
725	763
733	763
756	763
757	763
761	763
762	763
30	764
104	764
109	764
285	764
385	764
436	764
702	764
705	764
707	764
719	764
720	764
725	764
726	764
728	764
745	764
748	764
755	764
756	764
412	765
498	765
546	765
548	765
600	765
703	765
717	765
723	765
725	765
733	765
78	766
86	766
425	766
624	766
705	766
725	766
728	766
745	766
755	766
757	766
2	767
54	767
94	767
138	767
272	767
426	767
472	767
479	767
511	767
581	767
673	767
703	767
707	767
731	767
733	767
737	767
749	767
755	767
241	768
268	768
291	768
294	768
312	768
366	768
519	768
662	768
713	768
715	768
723	768
729	768
739	768
759	768
105	769
122	769
225	769
368	769
397	769
488	769
659	769
673	769
682	769
707	769
715	769
742	769
743	769
755	769
760	769
763	769
66	770
211	770
314	770
319	770
477	770
540	770
598	770
716	770
730	770
732	770
735	770
743	770
61	771
144	771
216	771
535	771
591	771
596	771
706	771
720	771
723	771
726	771
727	771
728	771
739	771
757	771
759	771
765	771
161	772
302	772
310	772
468	772
515	772
633	772
701	772
703	772
706	772
736	772
746	772
270	773
384	773
420	773
476	773
478	773
479	773
493	773
509	773
639	773
689	773
701	773
702	773
711	773
729	773
737	773
739	773
765	773
770	773
771	773
772	773
1	774
26	774
32	774
39	774
232	774
303	774
305	774
393	774
513	774
527	774
701	774
713	774
714	774
737	774
750	774
755	774
759	774
766	774
142	775
485	775
495	775
557	775
565	775
577	775
607	775
705	775
711	775
722	775
729	775
745	775
750	775
754	775
762	775
764	775
241	776
377	776
527	776
694	776
713	776
716	776
722	776
747	776
754	776
765	776
767	776
21	777
25	777
149	777
207	777
379	777
418	777
531	777
649	777
724	777
725	777
737	777
743	777
747	777
63	778
252	778
378	778
658	778
706	778
730	778
739	778
763	778
774	778
776	778
71	779
115	779
198	779
206	779
310	779
320	779
376	779
418	779
494	779
710	779
715	779
722	779
773	779
46	780
91	780
708	780
722	780
736	780
742	780
743	780
744	780
746	780
767	780
772	780
171	781
174	781
201	781
252	781
478	781
591	781
691	781
703	781
704	781
708	781
726	781
734	781
737	781
753	781
754	781
759	781
773	781
74	782
256	782
329	782
350	782
402	782
529	782
534	782
558	782
644	782
713	782
722	782
739	782
748	782
754	782
771	782
780	782
61	783
89	783
159	783
208	783
486	783
487	783
634	783
649	783
703	783
716	783
717	783
718	783
736	783
738	783
739	783
751	783
756	783
762	783
764	783
771	783
24	784
178	784
229	784
280	784
285	784
338	784
420	784
569	784
614	784
667	784
719	784
735	784
737	784
746	784
753	784
754	784
756	784
776	784
777	784
779	784
3	785
320	785
496	785
562	785
679	785
719	785
727	785
758	785
779	785
79	786
84	786
139	786
350	786
393	786
417	786
642	786
648	786
704	786
713	786
750	786
753	786
767	786
780	786
171	787
337	787
470	787
480	787
715	787
716	787
718	787
731	787
748	787
753	787
754	787
755	787
759	787
765	787
56	788
225	788
229	788
440	788
515	788
518	788
558	788
718	788
719	788
723	788
746	788
749	788
751	788
760	788
767	788
772	788
775	788
779	788
786	788
74	789
172	789
198	789
215	789
427	789
562	789
695	789
708	789
721	789
722	789
736	789
741	789
766	789
771	789
772	789
784	789
136	790
380	790
494	790
585	790
726	790
740	790
741	790
755	790
756	790
771	790
106	791
123	791
171	791
317	791
573	791
696	791
707	791
711	791
718	791
763	791
768	791
774	791
782	791
790	791
108	792
328	792
403	792
445	792
497	792
541	792
545	792
614	792
705	792
711	792
740	792
752	792
754	792
757	792
776	792
786	792
83	793
92	793
125	793
294	793
352	793
353	793
703	793
712	793
719	793
737	793
753	793
768	793
772	793
773	793
780	793
781	793
787	793
24	794
84	794
105	794
146	794
202	794
285	794
328	794
347	794
428	794
454	794
552	794
713	794
719	794
752	794
756	794
779	794
93	795
148	795
238	795
530	795
565	795
717	795
721	795
736	795
749	795
755	795
758	795
762	795
768	795
769	795
782	795
58	796
68	796
147	796
372	796
376	796
465	796
498	796
648	796
655	796
702	796
705	796
746	796
774	796
784	796
785	796
786	796
795	796
171	797
275	797
291	797
363	797
373	797
503	797
525	797
535	797
566	797
597	797
630	797
657	797
707	797
732	797
760	797
761	797
772	797
776	797
777	797
348	798
382	798
680	798
686	798
709	798
750	798
762	798
763	798
764	798
768	798
797	798
90	799
93	799
234	799
308	799
516	799
560	799
702	799
703	799
707	799
721	799
727	799
732	799
742	799
753	799
759	799
767	799
795	799
796	799
80	800
81	800
268	800
304	800
346	800
401	800
595	800
622	800
631	800
678	800
723	800
724	800
725	800
729	800
735	800
739	800
741	800
752	800
754	800
758	800
775	800
779	800
783	800
785	800
794	800
2	801
24	801
31	801
184	801
197	801
266	801
334	801
470	801
603	801
607	801
750	801
793	801
106	802
248	802
282	802
432	802
527	802
533	802
615	802
658	802
695	802
718	802
79	803
103	803
250	803
340	803
355	803
392	803
400	803
524	803
571	803
655	803
723	803
728	803
152	804
219	804
566	804
668	804
64	805
239	805
320	805
582	805
687	805
38	806
146	806
220	806
310	806
401	806
409	806
468	806
587	806
588	806
782	806
47	807
314	807
349	807
681	807
68	808
74	808
421	808
480	808
532	808
652	808
788	808
805	808
21	809
97	809
354	809
544	809
703	809
732	809
768	809
98	810
223	810
225	810
284	810
461	810
802	810
139	811
216	811
257	811
310	811
387	811
421	811
505	811
562	811
705	811
724	811
768	811
801	811
244	812
292	812
337	812
376	812
522	812
546	812
729	812
804	812
806	812
56	813
125	813
157	813
195	813
237	813
342	813
473	813
801	813
1	814
24	814
255	814
257	814
304	814
470	814
498	814
764	814
767	814
810	814
72	815
77	815
121	815
177	815
239	815
256	815
462	815
536	815
658	815
681	815
803	815
805	815
810	815
90	816
280	816
344	816
380	816
444	816
462	816
535	816
568	816
611	816
640	816
683	816
804	816
815	816
78	817
158	817
250	817
319	817
332	817
495	817
566	817
691	817
754	817
777	817
80	818
121	818
160	818
209	818
287	818
348	818
463	818
715	818
744	818
784	818
187	819
229	819
392	819
411	819
418	819
578	819
804	819
806	819
810	819
812	819
135	820
155	820
177	820
493	820
731	820
802	820
804	820
130	821
187	821
569	821
619	821
727	821
767	821
801	821
805	821
809	821
810	821
29	822
172	822
231	822
286	822
332	822
447	822
457	822
559	822
604	822
622	822
780	822
798	822
803	822
817	822
83	823
102	823
252	823
269	823
311	823
358	823
378	823
482	823
572	823
801	823
818	823
821	823
19	824
37	824
110	824
154	824
180	824
264	824
332	824
410	824
484	824
581	824
588	824
601	824
654	824
720	824
772	824
783	824
807	824
817	824
823	824
58	825
86	825
98	825
136	825
192	825
404	825
574	825
600	825
643	825
794	825
805	825
809	825
819	825
20	826
42	826
150	826
237	826
283	826
308	826
449	826
533	826
562	826
615	826
643	826
743	826
807	826
815	826
816	826
822	826
144	827
499	827
573	827
680	827
810	827
812	827
176	828
195	828
227	828
370	828
374	828
411	828
484	828
489	828
578	828
802	828
815	828
825	828
75	829
343	829
352	829
398	829
511	829
538	829
647	829
726	829
733	829
806	829
821	829
827	829
6	830
12	830
171	830
394	830
441	830
828	830
73	831
118	831
188	831
272	831
573	831
826	831
56	832
66	832
306	832
384	832
640	832
735	832
801	832
810	832
27	833
398	833
463	833
502	833
583	833
744	833
789	833
806	833
818	833
12	834
202	834
224	834
226	834
265	834
300	834
428	834
470	834
497	834
816	834
818	834
828	834
44	835
60	835
157	835
162	835
174	835
416	835
533	835
801	835
805	835
812	835
821	835
829	835
119	836
371	836
407	836
539	836
631	836
715	836
801	836
804	836
806	836
828	836
261	837
380	837
567	837
589	837
640	837
654	837
686	837
740	837
741	837
782	837
787	837
801	837
806	837
815	837
833	837
26	838
34	838
84	838
243	838
417	838
424	838
437	838
578	838
677	838
703	838
741	838
802	838
811	838
821	838
837	838
62	839
97	839
215	839
270	839
325	839
340	839
372	839
527	839
539	839
809	839
810	839
824	839
80	840
339	840
504	840
519	840
674	840
715	840
718	840
743	840
821	840
832	840
36	841
138	841
260	841
308	841
367	841
377	841
508	841
626	841
663	841
704	841
810	841
820	841
821	841
833	841
834	841
62	842
86	842
158	842
286	842
450	842
548	842
667	842
789	842
801	842
837	842
68	843
127	843
344	843
418	843
478	843
498	843
501	843
520	843
542	843
581	843
600	843
611	843
621	843
667	843
764	843
803	843
814	843
824	843
828	843
830	843
837	843
842	843
42	844
94	844
155	844
328	844
359	844
475	844
547	844
553	844
557	844
567	844
803	844
810	844
815	844
829	844
831	844
833	844
842	844
843	844
89	845
106	845
266	845
307	845
382	845
538	845
657	845
804	845
805	845
806	845
826	845
837	845
157	846
598	846
606	846
649	846
768	846
800	846
805	846
809	846
810	846
822	846
832	846
838	846
58	847
94	847
142	847
232	847
254	847
306	847
330	847
441	847
465	847
609	847
643	847
740	847
802	847
805	847
808	847
815	847
822	847
826	847
838	847
839	847
843	847
42	848
139	848
147	848
150	848
255	848
266	848
276	848
462	848
794	848
810	848
823	848
833	848
839	848
844	848
845	848
18	849
23	849
160	849
253	849
323	849
412	849
441	849
462	849
493	849
494	849
640	849
698	849
798	849
805	849
819	849
827	849
829	849
837	849
842	849
151	850
445	850
478	850
498	850
532	850
536	850
610	850
618	850
805	850
832	850
840	850
59	851
113	851
129	851
186	851
235	851
250	851
255	851
372	851
772	851
811	851
814	851
815	851
818	851
822	851
825	851
828	851
833	851
341	852
472	852
533	852
595	852
750	852
772	852
802	852
814	852
824	852
828	852
831	852
834	852
840	852
849	852
124	853
129	853
161	853
268	853
305	853
333	853
445	853
498	853
511	853
757	853
801	853
808	853
812	853
814	853
815	853
818	853
826	853
830	853
836	853
328	854
342	854
344	854
590	854
808	854
812	854
820	854
823	854
824	854
827	854
830	854
837	854
846	854
132	855
290	855
371	855
490	855
697	855
784	855
791	855
804	855
815	855
76	856
110	856
115	856
518	856
554	856
727	856
753	856
809	856
811	856
823	856
836	856
842	856
17	857
145	857
154	857
329	857
439	857
551	857
594	857
680	857
732	857
757	857
824	857
847	857
25	858
238	858
296	858
497	858
741	858
817	858
824	858
845	858
853	858
39	859
144	859
190	859
204	859
286	859
338	859
508	859
638	859
677	859
800	859
826	859
832	859
835	859
840	859
850	859
857	859
62	860
191	860
208	860
263	860
311	860
339	860
442	860
460	860
465	860
786	860
801	860
805	860
848	860
849	860
235	861
396	861
400	861
440	861
532	861
538	861
597	861
708	861
718	861
821	861
823	861
827	861
858	861
75	862
179	862
345	862
394	862
554	862
556	862
593	862
651	862
674	862
821	862
837	862
849	862
851	862
859	862
18	863
34	863
82	863
193	863
211	863
316	863
401	863
655	863
771	863
805	863
806	863
814	863
818	863
828	863
840	863
847	863
850	863
59	864
121	864
225	864
276	864
418	864
517	864
548	864
562	864
814	864
822	864
833	864
835	864
838	864
841	864
844	864
847	864
857	864
55	865
96	865
256	865
338	865
441	865
449	865
566	865
584	865
707	865
712	865
770	865
818	865
828	865
841	865
848	865
857	865
863	865
4	866
368	866
408	866
445	866
488	866
537	866
651	866
774	866
804	866
807	866
809	866
811	866
859	866
124	867
336	867
393	867
435	867
670	867
733	867
802	867
844	867
846	867
175	868
552	868
630	868
636	868
818	868
819	868
830	868
838	868
841	868
844	868
856	868
87	869
149	869
184	869
257	869
315	869
460	869
495	869
543	869
613	869
627	869
828	869
830	869
843	869
844	869
865	869
71	870
80	870
231	870
354	870
365	870
381	870
443	870
567	870
703	870
735	870
776	870
841	870
855	870
867	870
66	871
231	871
314	871
633	871
656	871
811	871
829	871
831	871
833	871
835	871
848	871
857	871
66	872
78	872
310	872
347	872
462	872
833	872
847	872
849	872
850	872
866	872
869	872
83	873
163	873
299	873
422	873
499	873
560	873
616	873
665	873
788	873
807	873
822	873
830	873
852	873
861	873
178	874
213	874
244	874
276	874
307	874
330	874
390	874
409	874
440	874
457	874
615	874
671	874
787	874
801	874
813	874
827	874
830	874
835	874
839	874
855	874
859	874
861	874
868	874
869	874
249	875
351	875
355	875
418	875
458	875
652	875
810	875
812	875
838	875
849	875
854	875
857	875
3	876
74	876
449	876
458	876
803	876
807	876
816	876
834	876
838	876
842	876
866	876
871	876
8	877
104	877
227	877
496	877
535	877
586	877
634	877
807	877
811	877
821	877
825	877
827	877
830	877
839	877
841	877
865	877
873	877
47	878
56	878
142	878
173	878
212	878
267	878
501	878
626	878
740	878
803	878
853	878
854	878
863	878
867	878
870	878
871	878
872	878
68	879
98	879
192	879
237	879
323	879
396	879
510	879
632	879
679	879
684	879
699	879
803	879
808	879
810	879
833	879
849	879
861	879
864	879
867	879
870	879
873	879
203	880
315	880
448	880
512	880
584	880
640	880
650	880
806	880
811	880
824	880
827	880
833	880
834	880
847	880
865	880
867	880
869	880
879	880
62	881
136	881
167	881
177	881
205	881
263	881
315	881
401	881
463	881
521	881
608	881
690	881
693	881
851	881
856	881
857	881
875	881
70	882
103	882
178	882
184	882
221	882
235	882
280	882
297	882
327	882
412	882
564	882
786	882
826	882
827	882
830	882
838	882
859	882
877	882
878	882
49	883
181	883
188	883
368	883
450	883
670	883
767	883
816	883
832	883
836	883
838	883
841	883
842	883
845	883
850	883
851	883
852	883
857	883
859	883
864	883
869	883
126	884
197	884
258	884
291	884
315	884
471	884
474	884
652	884
671	884
699	884
753	884
818	884
824	884
832	884
835	884
836	884
838	884
844	884
853	884
864	884
870	884
68	885
90	885
97	885
154	885
158	885
346	885
573	885
806	885
820	885
829	885
836	885
838	885
852	885
860	885
872	885
874	885
57	886
337	886
356	886
365	886
443	886
476	886
495	886
505	886
707	886
716	886
788	886
805	886
815	886
832	886
839	886
847	886
860	886
880	886
202	887
423	887
434	887
482	887
585	887
630	887
732	887
806	887
808	887
811	887
815	887
820	887
823	887
830	887
831	887
842	887
846	887
851	887
853	887
856	887
863	887
21	888
23	888
64	888
224	888
595	888
782	888
805	888
816	888
834	888
840	888
850	888
859	888
861	888
863	888
880	888
16	889
68	889
112	889
260	889
309	889
369	889
568	889
626	889
801	889
820	889
828	889
834	889
844	889
850	889
861	889
884	889
59	890
113	890
229	890
411	890
762	890
784	890
809	890
826	890
833	890
842	890
852	890
865	890
867	890
874	890
888	890
16	891
31	891
52	891
137	891
161	891
230	891
275	891
334	891
496	891
566	891
658	891
741	891
805	891
806	891
831	891
835	891
843	891
851	891
859	891
875	891
878	891
115	892
276	892
367	892
435	892
447	892
471	892
603	892
609	892
803	892
807	892
820	892
830	892
839	892
850	892
856	892
863	892
878	892
223	893
243	893
302	893
366	893
425	893
513	893
638	893
665	893
670	893
802	893
808	893
812	893
828	893
834	893
837	893
846	893
850	893
851	893
874	893
877	893
887	893
34	894
430	894
500	894
598	894
608	894
703	894
831	894
832	894
839	894
860	894
875	894
140	895
236	895
238	895
242	895
314	895
464	895
466	895
801	895
820	895
830	895
836	895
875	895
54	896
73	896
362	896
393	896
511	896
538	896
606	896
810	896
813	896
819	896
845	896
851	896
872	896
893	896
35	897
64	897
152	897
167	897
172	897
282	897
283	897
309	897
445	897
504	897
810	897
813	897
819	897
822	897
837	897
843	897
853	897
855	897
864	897
881	897
896	897
61	898
386	898
481	898
570	898
585	898
701	898
815	898
828	898
829	898
833	898
836	898
837	898
845	898
848	898
866	898
874	898
340	899
392	899
576	899
631	899
781	899
788	899
830	899
835	899
844	899
859	899
860	899
866	899
867	899
868	899
878	899
100	900
194	900
472	900
701	900
801	900
821	900
838	900
840	900
842	900
847	900
859	900
882	900
892	900
893	900
897	900
48	901
72	901
209	901
337	901
473	901
553	901
569	901
658	901
715	901
139	902
348	902
373	902
381	902
523	902
659	902
672	902
688	902
843	902
138	903
147	903
158	903
176	903
238	903
356	903
389	903
492	903
545	903
715	903
147	904
320	904
441	904
474	904
483	904
809	904
828	904
110	905
162	905
231	905
242	905
251	905
295	905
378	905
540	905
572	905
691	905
716	905
1	906
22	906
183	906
237	906
277	906
323	906
831	906
868	906
142	907
255	907
318	907
331	907
417	907
423	907
576	907
888	907
894	907
905	907
59	908
61	908
82	908
87	908
156	908
216	908
425	908
454	908
470	908
511	908
901	908
903	908
906	908
14	909
41	909
60	909
86	909
315	909
498	909
750	909
894	909
137	910
393	910
462	910
675	910
832	910
851	910
65	911
76	911
272	911
293	911
529	911
543	911
592	911
597	911
608	911
655	911
902	911
102	912
342	912
437	912
546	912
630	912
824	912
877	912
910	912
179	913
211	913
275	913
385	913
398	913
614	913
641	913
711	913
896	913
39	914
258	914
480	914
612	914
736	914
754	914
788	914
806	914
840	914
903	914
214	915
273	915
425	915
522	915
580	915
675	915
746	915
823	915
11	916
120	916
463	916
693	916
694	916
717	916
2	917
24	917
76	917
177	917
464	917
673	917
718	917
734	917
825	917
912	917
32	918
450	918
574	918
674	918
729	918
905	918
908	918
131	919
196	919
266	919
342	919
476	919
507	919
662	919
845	919
99	920
374	920
465	920
508	920
509	920
753	920
807	920
911	920
30	921
37	921
50	921
146	921
234	921
597	921
719	921
784	921
906	921
920	921
15	922
44	922
147	922
205	922
601	922
618	922
623	922
659	922
718	922
723	922
739	922
768	922
772	922
899	922
902	922
185	923
260	923
528	923
585	923
586	923
614	923
674	923
771	923
781	923
913	923
917	923
918	923
81	924
143	924
172	924
175	924
384	924
444	924
506	924
566	924
611	924
622	924
715	924
895	924
921	924
297	925
303	925
382	925
526	925
551	925
556	925
604	925
680	925
716	925
845	925
908	925
269	926
291	926
368	926
373	926
436	926
464	926
517	926
536	926
657	926
704	926
777	926
794	926
881	926
902	926
904	926
912	926
923	926
93	927
103	927
158	927
176	927
228	927
309	927
417	927
443	927
487	927
691	927
695	927
766	927
796	927
904	927
913	927
922	927
926	927
58	928
63	928
80	928
258	928
313	928
348	928
373	928
606	928
684	928
696	928
735	928
902	928
903	928
911	928
912	928
923	928
73	929
78	929
299	929
423	929
450	929
458	929
638	929
708	929
782	929
905	929
124	930
166	930
230	930
276	930
285	930
428	930
494	930
919	930
927	930
44	931
160	931
224	931
335	931
672	931
687	931
872	931
912	931
921	931
29	932
38	932
231	932
239	932
339	932
359	932
429	932
522	932
534	932
555	932
600	932
759	932
770	932
843	932
911	932
916	932
920	932
37	933
40	933
153	933
226	933
472	933
489	933
532	933
904	933
916	933
920	933
921	933
40	934
46	934
143	934
210	934
357	934
517	934
773	934
783	934
795	934
809	934
912	934
932	934
48	935
250	935
334	935
581	935
788	935
812	935
897	935
908	935
916	935
918	935
84	936
158	936
235	936
384	936
605	936
768	936
771	936
858	936
903	936
911	936
145	937
296	937
587	937
606	937
738	937
782	937
806	937
907	937
909	937
924	937
925	937
930	937
931	937
935	937
51	938
149	938
203	938
487	938
690	938
734	938
907	938
908	938
921	938
927	938
934	938
936	938
189	939
191	939
902	939
909	939
922	939
925	939
935	939
937	939
23	940
121	940
143	940
268	940
279	940
322	940
335	940
520	940
534	940
861	940
899	940
903	940
910	940
930	940
85	941
112	941
219	941
638	941
681	941
696	941
705	941
784	941
834	941
871	941
913	941
916	941
922	941
927	941
241	942
254	942
292	942
306	942
420	942
692	942
751	942
763	942
847	942
917	942
926	942
939	942
294	943
375	943
397	943
497	943
669	943
784	943
793	943
909	943
911	943
931	943
63	944
91	944
281	944
293	944
392	944
416	944
730	944
762	944
808	944
884	944
901	944
903	944
941	944
699	945
709	945
902	945
928	945
931	945
22	946
66	946
188	946
209	946
269	946
435	946
457	946
482	946
534	946
569	946
580	946
708	946
795	946
798	946
855	946
904	946
934	946
941	946
14	947
16	947
208	947
418	947
474	947
658	947
785	947
796	947
900	947
905	947
909	947
913	947
930	947
934	947
942	947
117	948
207	948
288	948
439	948
550	948
563	948
659	948
750	948
903	948
907	948
922	948
225	949
346	949
422	949
451	949
500	949
618	949
731	949
778	949
905	949
908	949
924	949
933	949
942	949
33	950
209	950
295	950
867	950
902	950
914	950
915	950
936	950
947	950
570	951
600	951
901	951
906	951
929	951
933	951
938	951
152	952
257	952
267	952
425	952
459	952
471	952
472	952
505	952
536	952
807	952
909	952
934	952
935	952
940	952
136	953
212	953
292	953
340	953
402	953
443	953
493	953
559	953
661	953
674	953
682	953
901	953
913	953
917	953
918	953
922	953
931	953
936	953
946	953
949	953
3	954
616	954
815	954
878	954
947	954
951	954
194	955
360	955
587	955
910	955
913	955
938	955
954	955
12	956
178	956
203	956
437	956
463	956
692	956
768	956
831	956
867	956
875	956
901	956
903	956
906	956
921	956
930	956
934	956
942	956
943	956
954	956
96	957
281	957
340	957
504	957
527	957
528	957
531	957
605	957
611	957
633	957
669	957
705	957
723	957
789	957
802	957
828	957
902	957
903	957
906	957
921	957
937	957
954	957
143	958
168	958
213	958
249	958
395	958
484	958
527	958
657	958
743	958
755	958
900	958
903	958
906	958
909	958
913	958
916	958
921	958
926	958
934	958
942	958
951	958
954	958
141	959
282	959
380	959
435	959
473	959
569	959
577	959
643	959
675	959
737	959
741	959
775	959
804	959
912	959
943	959
108	960
235	960
422	960
470	960
571	960
666	960
698	960
924	960
114	961
474	961
571	961
582	961
786	961
905	961
923	961
927	961
937	961
955	961
956	961
139	962
209	962
397	962
467	962
631	962
653	962
801	962
907	962
921	962
930	962
936	962
12	963
13	963
173	963
284	963
318	963
360	963
633	963
774	963
796	963
901	963
924	963
929	963
930	963
934	963
944	963
181	964
445	964
576	964
621	964
697	964
852	964
928	964
937	964
950	964
954	964
960	964
106	965
133	965
368	965
411	965
671	965
919	965
944	965
950	965
957	965
961	965
136	966
685	966
868	966
905	966
920	966
932	966
934	966
936	966
939	966
949	966
955	966
957	966
18	967
91	967
147	967
435	967
683	967
740	967
755	967
825	967
842	967
875	967
910	967
920	967
925	967
933	967
938	967
945	967
952	967
175	968
290	968
360	968
390	968
528	968
646	968
815	968
859	968
917	968
929	968
940	968
952	968
955	968
960	968
963	968
61	969
100	969
461	969
615	969
680	969
760	969
840	969
899	969
903	969
905	969
913	969
916	969
921	969
922	969
928	969
930	969
940	969
958	969
961	969
965	969
93	970
123	970
334	970
347	970
449	970
501	970
530	970
572	970
606	970
650	970
705	970
707	970
919	970
932	970
941	970
943	970
948	970
950	970
964	970
967	970
40	971
91	971
314	971
377	971
403	971
433	971
455	971
540	971
569	971
586	971
599	971
703	971
729	971
776	971
804	971
848	971
851	971
926	971
928	971
932	971
933	971
947	971
959	971
968	971
17	972
19	972
28	972
40	972
147	972
166	972
247	972
301	972
313	972
498	972
499	972
798	972
837	972
922	972
927	972
932	972
949	972
962	972
22	973
50	973
142	973
143	973
353	973
378	973
383	973
386	973
407	973
531	973
609	973
631	973
792	973
947	973
949	973
954	973
971	973
7	974
15	974
167	974
325	974
344	974
367	974
442	974
560	974
735	974
901	974
904	974
905	974
949	974
971	974
139	975
221	975
227	975
230	975
338	975
472	975
634	975
648	975
748	975
905	975
926	975
927	975
944	975
949	975
957	975
969	975
44	976
66	976
289	976
459	976
491	976
587	976
661	976
913	976
922	976
939	976
947	976
950	976
952	976
970	976
110	977
176	977
192	977
229	977
369	977
413	977
447	977
468	977
541	977
633	977
903	977
919	977
926	977
929	977
947	977
964	977
967	977
26	978
73	978
191	978
312	978
435	978
458	978
563	978
581	978
637	978
644	978
661	978
706	978
907	978
908	978
918	978
925	978
929	978
937	978
944	978
954	978
963	978
966	978
974	978
10	979
61	979
77	979
119	979
121	979
191	979
311	979
524	979
663	979
722	979
751	979
853	979
904	979
907	979
911	979
913	979
929	979
933	979
939	979
940	979
945	979
956	979
971	979
85	980
340	980
782	980
828	980
862	980
885	980
911	980
919	980
925	980
929	980
940	980
943	980
949	980
955	980
964	980
979	980
10	981
118	981
268	981
282	981
293	981
312	981
403	981
412	981
506	981
518	981
833	981
910	981
913	981
917	981
929	981
933	981
941	981
948	981
949	981
954	981
41	982
51	982
131	982
163	982
191	982
214	982
232	982
298	982
408	982
454	982
472	982
689	982
839	982
855	982
913	982
918	982
919	982
922	982
933	982
940	982
955	982
972	982
517	983
524	983
648	983
815	983
876	983
895	983
910	983
913	983
922	983
939	983
982	983
41	984
68	984
123	984
350	984
471	984
695	984
813	984
841	984
850	984
858	984
910	984
928	984
933	984
950	984
953	984
959	984
962	984
964	984
15	985
135	985
234	985
335	985
379	985
461	985
581	985
672	985
904	985
906	985
917	985
969	985
976	985
981	985
984	985
132	986
138	986
190	986
303	986
325	986
375	986
401	986
446	986
510	986
603	986
784	986
904	986
913	986
916	986
926	986
930	986
959	986
961	986
965	986
966	986
124	987
385	987
397	987
447	987
570	987
901	987
904	987
916	987
926	987
932	987
934	987
937	987
939	987
946	987
948	987
953	987
958	987
966	987
104	988
210	988
226	988
373	988
514	988
539	988
659	988
726	988
908	988
918	988
920	988
927	988
970	988
972	988
976	988
981	988
984	988
4	989
151	989
159	989
215	989
246	989
270	989
280	989
671	989
739	989
882	989
901	989
915	989
920	989
960	989
985	989
8	990
40	990
119	990
161	990
172	990
360	990
483	990
885	990
904	990
905	990
916	990
923	990
945	990
955	990
979	990
986	990
121	991
138	991
226	991
235	991
395	991
552	991
682	991
715	991
775	991
877	991
902	991
914	991
916	991
917	991
931	991
976	991
977	991
982	991
984	991
988	991
13	992
162	992
312	992
537	992
586	992
663	992
904	992
925	992
933	992
942	992
951	992
956	992
964	992
971	992
979	992
981	992
988	992
128	993
146	993
187	993
349	993
527	993
752	993
920	993
924	993
954	993
965	993
981	993
987	993
991	993
88	994
140	994
194	994
221	994
315	994
347	994
432	994
890	994
912	994
926	994
927	994
934	994
937	994
947	994
959	994
962	994
964	994
980	994
984	994
19	995
21	995
174	995
260	995
386	995
388	995
472	995
534	995
665	995
694	995
830	995
907	995
910	995
925	995
935	995
948	995
981	995
984	995
44	996
61	996
76	996
220	996
252	996
575	996
811	996
914	996
930	996
931	996
944	996
949	996
989	996
993	996
995	996
71	997
228	997
341	997
348	997
427	997
489	997
552	997
935	997
936	997
951	997
955	997
959	997
961	997
996	997
24	998
87	998
270	998
347	998
359	998
433	998
499	998
700	998
752	998
777	998
816	998
871	998
884	998
888	998
906	998
909	998
914	998
923	998
950	998
962	998
963	998
980	998
986	998
995	998
6	999
97	999
99	999
337	999
452	999
567	999
644	999
673	999
701	999
795	999
818	999
902	999
915	999
930	999
944	999
958	999
965	999
967	999
972	999
975	999
981	999
986	999
991	999
998	999
45	1000
317	1000
489	1000
538	1000
692	1000
722	1000
788	1000
805	1000
887	1000
901	1000
903	1000
909	1000
927	1000
939	1000
961	1000
971	1000
972	1000
982	1000
