2	3
3	2
10	11
11	10
46	47
47	13
47	16
47	17
47	25
47	26
47	27
47	28
47	29
47	30
47	31
47	33
47	34
47	35
47	36
47	37
47	39
47	40
47	41
47	42
47	45
47	48
47	49
47	50
47	51
47	82
47	83
47	85
47	206
57	58
58	57
63	2278
64	2694
65	2289
67	64
69	68
70	68
70	69
71	72
71	73
72	68
72	71
72	73
73	68
73	72
74	72
74	75
75	74
79	35
87	88
88	87
90	91
91	90
92	93
93	92
101	100
104	108
105	108
106	107
106	110
107	105
107	106
107	108
108	105
109	105
109	108
110	105
110	108
110	109
111	112
111	114
112	111
112	114
113	108
114	112
127	128
128	127
131	132
138	137
138	139
139	138
140	141
140	142
141	140
141	142
142	140
142	141
143	140
143	141
154	155
155	154
162	163
163	162
165	166
166	165
168	169
169	168
173	172
174	175
183	182
186	187
187	186
187	196
188	189
188	196
189	188
189	195
189	196
190	196
191	192
191	196
192	193
192	196
193	192
193	194
193	196
194	193
194	195
194	196
195	189
195	194
195	196
198	199
198	200
200	198
203	204
208	209
210	211
211	210
213	214
213	215
213	216
244	2583
245	246
246	245
247	246
247	249
248	249
251	250
251	252
256	257
256	258
257	256
258	257
258	267
259	256
259	257
259	258
260	256
260	257
260	258
262	263
263	262
265	263
266	262
269	269
270	271
271	270
272	275
275	272
277	278
277	279
277	281
277	282
277	285
277	287
277	288
278	279
278	288
279	256
279	257
279	258
279	277
279	278
279	287
279	288
281	282
282	283
282	284
283	280
283	282
283	284
285	277
285	287
285	288
287	277
287	278
287	279
287	285
288	287
289	288
294	313
294	316
294	603
295	461
295	483
295	603
296	603
296	704
297	313
297	316
297	603
298	309
298	603
298	804
299	461
299	483
299	603
301	313
301	316
301	603
301	604
302	603
302	604
303	304
303	604
304	303
304	305
304	306
304	307
304	604
305	603
305	604
306	304
306	604
307	304
307	604
308	603
309	298
309	603
309	604
310	603
310	604
311	603
311	604
312	603
312	604
313	294
313	297
313	301
313	603
313	604
314	603
314	604
315	603
315	604
316	302
316	310
316	312
316	313
316	317
316	318
316	319
316	320
316	321
316	322
316	323
316	324
316	325
316	326
316	327
316	328
316	329
316	330
316	331
316	332
316	333
316	334
316	335
316	336
316	337
316	338
316	339
316	340
316	341
316	342
316	343
316	344
316	345
316	346
316	347
316	348
316	349
316	350
316	351
316	352
316	353
316	354
316	355
316	356
316	357
316	358
316	359
316	360
316	361
316	362
316	363
316	364
316	365
316	366
316	367
316	368
316	369
316	370
316	371
316	372
316	373
316	374
316	375
316	376
316	377
316	378
316	379
316	380
316	381
316	382
316	383
316	384
316	385
316	386
316	389
316	390
316	391
316	392
316	393
316	394
316	395
316	396
316	397
316	398
316	399
316	400
316	401
316	402
316	403
316	404
316	405
316	406
316	407
316	408
316	409
316	412
316	413
316	414
316	415
316	416
316	417
316	418
316	419
316	420
316	421
316	422
316	423
316	424
316	425
316	426
316	428
316	429
316	430
316	431
316	432
316	587
316	588
316	589
316	590
316	591
316	592
316	593
316	594
316	595
316	596
316	599
316	600
316	601
316	602
316	603
316	605
316	640
316	682
316	698
316	702
316	703
316	704
317	603
317	604
318	603
318	604
319	603
319	604
320	603
320	604
321	603
321	604
322	603
322	604
323	603
323	604
324	603
324	604
325	603
325	604
326	603
326	604
327	603
327	604
328	603
328	604
329	603
329	604
330	603
330	604
331	603
331	604
332	603
332	604
333	603
333	604
334	603
334	604
335	603
335	604
336	603
336	604
337	603
337	604
338	603
338	604
339	603
339	604
340	603
340	604
341	603
341	604
342	603
342	604
343	603
343	604
344	603
344	604
345	603
345	604
346	603
346	604
347	603
347	604
348	603
348	604
349	603
349	604
350	603
350	604
351	603
351	604
352	603
352	604
353	603
353	604
354	603
354	604
355	603
355	604
356	603
356	604
357	603
357	604
358	603
358	604
359	603
359	604
360	603
360	604
361	603
361	604
362	603
362	604
363	603
363	604
364	603
364	604
365	603
365	604
366	603
366	604
367	603
367	604
368	603
368	604
369	603
369	604
370	603
370	604
371	603
371	604
372	603
372	604
373	603
373	604
374	603
374	604
375	603
375	604
376	603
376	604
377	603
377	604
378	603
378	604
379	603
379	604
380	603
380	604
381	603
381	604
382	603
382	604
383	603
383	604
384	603
384	604
385	603
385	604
386	603
386	604
387	603
387	604
388	603
388	604
389	603
389	604
390	603
390	604
391	603
391	604
392	603
392	604
393	603
393	604
394	603
394	604
395	603
395	604
396	603
396	604
397	603
397	604
398	603
398	604
399	603
399	604
400	603
400	604
401	603
401	604
402	603
402	604
403	603
403	604
404	603
404	604
405	603
405	604
406	603
406	604
407	603
407	604
408	603
408	604
409	603
409	604
410	603
410	604
411	603
411	604
412	603
412	604
413	603
413	604
414	603
414	604
415	603
415	604
416	603
416	604
417	603
417	604
418	603
418	604
419	603
419	604
420	603
420	604
421	603
421	604
422	603
422	604
423	603
423	604
424	603
424	604
425	603
425	604
426	603
426	604
427	603
427	604
428	603
428	604
429	603
429	604
430	603
430	604
431	603
431	604
432	603
432	604
433	603
433	604
434	603
434	604
435	603
435	604
436	603
436	604
437	603
437	604
438	603
438	604
439	603
439	604
440	603
440	604
441	603
441	604
442	603
442	604
443	603
443	604
444	603
444	604
445	603
445	604
446	603
446	604
447	603
447	604
448	603
448	604
449	603
449	604
450	603
450	604
451	603
451	604
452	603
452	604
453	603
453	604
454	603
454	604
455	603
455	604
456	603
456	604
457	603
457	604
458	603
458	604
459	603
459	604
460	603
460	604
461	295
461	299
461	603
461	604
462	603
462	604
463	603
463	604
464	603
464	604
465	603
465	604
466	603
466	604
467	603
467	604
468	603
468	604
469	603
469	604
470	603
470	604
471	603
471	604
472	603
472	604
473	603
473	604
474	603
474	604
475	603
475	604
476	603
476	604
477	603
477	604
478	603
478	604
479	603
479	604
480	603
480	604
481	603
481	604
482	603
482	604
483	387
483	388
483	410
483	411
483	427
483	433
483	434
483	435
483	436
483	437
483	438
483	439
483	440
483	441
483	442
483	443
483	444
483	445
483	446
483	447
483	448
483	449
483	450
483	451
483	452
483	453
483	454
483	455
483	456
483	457
483	458
483	459
483	460
483	461
483	462
483	463
483	464
483	465
483	466
483	467
483	468
483	469
483	470
483	471
483	472
483	473
483	474
483	475
483	476
483	477
483	478
483	479
483	480
483	481
483	482
483	484
483	485
483	486
483	487
483	488
483	489
483	490
483	491
483	492
483	493
483	494
483	495
483	496
483	497
483	498
483	499
483	500
483	501
483	502
483	503
483	504
483	505
483	506
483	507
483	508
483	509
483	510
483	511
483	512
483	513
483	514
483	515
483	516
483	517
483	518
483	519
483	520
483	521
483	522
483	523
483	524
483	525
483	526
483	527
483	528
483	529
483	530
483	531
483	532
483	533
483	534
483	535
483	536
483	537
483	538
483	539
483	540
483	541
483	542
483	543
483	544
483	545
483	546
483	547
483	548
483	549
483	550
483	551
483	552
483	553
483	554
483	555
483	556
483	557
483	558
483	559
483	560
483	561
483	562
483	563
483	564
483	565
483	566
483	567
483	568
483	569
483	570
483	571
483	572
483	573
483	574
483	575
483	576
483	577
483	578
483	579
483	580
483	581
483	582
483	583
483	584
483	585
483	586
483	597
483	598
483	603
483	607
483	608
483	609
483	610
483	611
483	612
483	613
483	614
483	615
483	616
483	617
483	618
483	619
483	620
483	621
483	622
483	623
483	624
483	625
483	626
483	627
483	628
483	629
483	630
483	631
483	632
483	633
483	634
483	635
483	636
483	637
483	638
483	639
483	683
483	684
483	699
483	700
483	701
484	603
484	604
485	603
485	604
486	603
486	604
487	603
487	604
488	603
488	604
489	603
489	604
490	603
490	604
491	603
491	604
492	603
492	604
493	603
493	604
494	603
494	604
495	603
495	604
496	603
496	604
497	603
497	604
498	603
498	604
499	603
499	604
500	603
500	604
501	603
501	604
502	603
502	604
503	603
503	604
504	603
504	604
505	603
505	604
506	603
506	604
507	603
507	604
508	603
508	604
509	603
509	604
510	603
510	604
511	603
511	604
512	603
512	604
513	603
513	604
514	603
514	604
515	603
515	604
516	603
516	604
517	603
517	604
518	603
518	604
519	603
519	604
520	603
520	604
521	603
521	604
522	603
522	604
523	603
523	604
524	603
524	604
525	603
525	604
526	603
526	604
527	603
527	604
528	603
528	604
529	603
529	604
530	603
530	604
531	603
531	604
532	603
532	604
533	603
533	604
534	603
534	604
535	603
535	604
536	603
536	604
537	603
537	604
538	603
538	604
539	603
539	604
540	603
540	604
541	603
541	604
542	603
542	604
543	603
543	604
544	603
544	604
545	603
545	604
546	603
546	604
547	603
547	604
548	603
548	604
549	603
549	604
550	603
550	604
551	603
551	604
552	603
552	604
553	603
553	604
554	603
554	604
555	603
555	604
556	603
556	604
557	603
557	604
558	603
558	604
559	603
559	604
560	603
560	604
561	603
561	604
562	603
562	604
563	603
563	604
564	603
564	604
565	603
565	604
566	603
566	604
567	603
567	604
568	603
568	604
569	603
569	604
570	603
570	604
571	603
571	604
572	603
572	604
573	603
573	604
574	603
574	604
575	603
575	604
576	603
576	604
577	603
577	604
578	603
578	604
579	603
579	604
580	603
580	604
581	603
581	604
582	603
582	604
583	603
583	604
584	603
584	604
585	603
585	604
586	603
586	604
587	603
587	604
588	603
588	604
589	603
589	604
590	603
590	604
591	603
591	604
592	603
592	604
593	603
593	604
594	603
594	604
595	603
595	604
596	603
596	604
597	603
597	604
598	603
598	604
599	603
599	604
600	603
600	604
601	603
601	604
602	603
602	604
603	256
603	257
603	258
603	308
603	313
603	314
603	315
603	316
603	318
603	319
603	330
603	345
603	347
603	362
603	385
603	411
603	425
603	436
603	442
603	445
603	471
603	483
603	488
603	505
603	516
603	523
603	566
603	575
603	587
603	600
603	604
603	618
603	619
603	623
603	640
603	652
603	663
603	704
603	712
603	749
603	767
603	768
603	770
603	771
603	772
603	773
603	774
603	804
603	805
603	842
604	304
604	603
605	603
605	604
606	603
606	604
607	603
607	604
608	603
608	604
609	603
609	604
610	603
610	604
611	603
611	604
612	603
612	604
613	603
613	604
614	603
614	604
615	603
615	604
616	603
616	604
617	603
617	604
618	603
618	604
619	603
619	604
620	603
620	604
621	603
621	604
622	603
622	604
623	603
623	604
624	603
624	604
625	603
625	604
626	603
626	604
627	603
627	604
628	603
628	604
629	603
629	604
630	603
630	604
631	603
631	604
632	603
632	604
633	603
633	604
634	603
634	604
635	603
635	604
636	603
636	604
637	603
637	604
638	603
638	604
639	603
639	604
640	603
640	604
641	603
641	604
642	603
642	604
643	603
643	604
644	603
644	604
645	603
645	604
646	603
646	604
647	603
647	604
648	603
648	604
649	603
649	604
650	603
650	604
651	603
651	604
652	603
652	604
653	603
653	604
654	603
654	604
655	603
655	604
656	603
656	604
657	603
657	604
658	603
658	604
659	603
659	604
660	603
660	604
661	603
661	604
662	603
662	604
663	603
663	604
664	603
664	604
665	603
665	604
666	603
666	604
667	603
667	604
668	603
668	604
669	603
669	604
670	603
670	604
671	603
671	604
672	603
672	604
673	603
673	604
674	603
674	604
675	603
675	604
676	603
676	604
677	603
677	604
678	603
678	604
679	603
679	604
680	603
680	604
681	603
681	604
682	603
682	604
683	603
683	604
684	603
684	604
685	603
685	604
686	603
686	604
687	603
687	604
688	603
688	604
689	603
689	604
690	603
690	604
691	603
691	604
692	603
692	604
693	603
693	604
694	603
694	604
695	603
695	604
696	603
696	604
697	603
697	604
698	603
698	604
699	603
699	604
700	603
700	604
701	603
701	604
702	603
702	604
703	603
703	604
704	296
704	603
704	604
705	603
705	604
706	603
706	604
707	603
707	604
708	603
708	604
709	603
709	604
710	603
710	604
711	603
711	604
712	603
712	604
713	603
713	604
714	603
714	604
715	603
715	604
716	603
716	604
717	603
717	604
718	603
718	604
719	603
719	604
720	603
720	604
721	603
721	604
722	603
722	604
723	603
723	604
724	603
724	604
725	603
725	604
726	603
726	604
727	603
727	604
728	603
728	604
729	603
729	604
730	603
730	604
731	603
731	604
732	603
732	604
733	603
733	604
734	603
734	604
735	603
735	604
736	603
736	604
737	603
737	604
738	603
738	604
739	603
739	604
740	603
740	604
741	603
741	604
742	603
742	604
743	603
743	604
744	603
744	604
745	603
745	604
746	603
746	604
747	603
747	604
748	603
748	604
749	603
749	604
750	603
750	604
751	603
751	604
752	603
752	604
753	603
753	604
754	603
754	604
755	603
755	604
756	603
756	604
757	603
757	604
758	603
758	604
759	603
759	604
760	603
760	604
761	603
761	604
762	603
762	604
763	603
763	604
764	603
764	604
765	603
765	604
766	603
766	604
767	311
767	314
767	315
767	603
767	606
767	641
767	642
767	643
767	644
767	645
767	646
767	647
767	648
767	649
767	650
767	651
767	652
767	653
767	654
767	655
767	656
767	657
767	658
767	659
767	660
767	661
767	662
767	663
767	664
767	665
767	666
767	667
767	668
767	669
767	670
767	671
767	672
767	673
767	674
767	675
767	676
767	677
767	678
767	705
767	706
767	707
767	708
767	709
767	710
767	711
767	712
767	713
767	714
767	715
767	716
767	717
767	718
767	719
767	720
767	721
767	722
767	723
767	724
767	725
767	726
767	727
767	728
767	729
767	730
767	731
767	732
767	733
767	734
767	735
767	736
767	737
767	738
767	739
767	740
767	741
767	742
767	743
767	744
767	745
767	746
767	747
767	748
767	749
767	750
767	751
767	752
767	753
767	754
767	755
767	756
767	757
767	758
767	759
767	760
767	761
767	762
767	763
767	764
767	765
767	766
767	768
767	769
767	843
768	603
768	604
769	603
769	604
770	603
770	771
770	772
770	773
770	774
770	775
771	603
771	604
772	603
772	604
773	603
773	604
774	603
774	604
775	603
775	604
776	603
776	604
777	603
777	604
778	603
778	604
779	603
779	604
780	603
780	604
781	603
781	604
782	603
782	604
783	603
783	604
784	603
784	604
785	603
785	604
786	603
786	604
787	603
787	604
788	603
788	604
789	603
789	604
790	603
790	604
791	603
791	604
792	603
792	604
793	603
793	604
794	603
794	604
795	603
795	604
796	603
796	604
797	603
797	604
798	603
798	604
799	603
799	604
800	603
800	604
801	603
801	604
802	603
802	604
803	603
803	604
804	309
804	603
804	679
804	680
804	681
804	685
804	686
804	687
804	688
804	689
804	690
804	691
804	692
804	693
804	694
804	695
804	696
804	697
804	776
804	777
804	778
804	779
804	780
804	781
804	782
804	783
804	784
804	785
804	786
804	787
804	788
804	789
804	790
804	791
804	792
804	793
804	794
804	795
804	796
804	797
804	798
804	799
804	800
804	801
804	802
804	803
804	805
804	806
804	807
804	808
804	809
804	810
804	811
804	812
804	813
804	814
804	815
804	816
804	817
804	818
804	819
804	820
804	821
804	822
804	823
804	824
804	825
804	826
804	827
804	828
804	829
804	830
804	831
804	832
804	833
804	834
804	835
804	836
804	837
804	838
804	839
804	840
804	841
805	603
805	604
806	603
806	604
807	603
807	604
808	603
808	604
809	603
809	604
810	603
810	604
811	603
811	604
812	603
812	604
813	603
813	604
814	603
814	604
815	603
815	604
816	603
816	604
817	603
817	604
818	603
818	604
819	603
819	604
820	603
820	604
821	603
821	604
822	603
822	604
823	603
823	604
824	603
824	604
825	603
825	604
826	603
826	604
827	603
827	604
828	603
828	604
829	603
829	604
830	603
830	604
831	603
831	604
832	603
832	604
833	603
833	604
834	603
834	604
835	603
835	604
836	603
836	604
837	603
837	604
838	603
838	604
839	603
839	604
840	603
840	604
841	603
841	604
842	603
843	603
843	604
844	603
845	603
847	848
849	847
850	256
850	257
850	258
850	853
850	858
852	269
852	272
852	273
852	274
852	275
852	285
852	286
852	288
852	291
852	292
852	293
852	297
852	300
852	603
852	604
852	850
852	851
852	853
852	854
852	855
852	856
852	857
852	858
852	859
852	860
852	862
852	864
853	850
857	856
858	850
859	852
859	862
860	862
861	862
862	859
862	860
862	861
864	603
865	2346
867	866
873	874
874	873
878	879
879	878
881	880
881	882
882	880
882	881
884	885
885	884
890	889
891	892
891	893
891	894
893	892
907	909
907	910
907	911
908	909
909	907
909	908
909	912
910	907
910	909
910	911
911	907
911	910
913	961
922	921
930	931
931	930
936	937
947	1639
955	956
957	958
958	957
959	960
967	968
973	1214
979	2856
982	981
983	984
988	1585
990	991
992	994
994	993
997	996
1e3	1001
1001	1e3
1005	1006
1006	1005
1006	1007
1006	1008
1006	1009
1007	1006
1008	1006
1009	1006
1010	2606
1014	1016
1016	1015
1020	1021
1021	2685
1024	1262
1029	1055
1031	1032
1032	1033
1033	1032
1033	1037
1033	1045
1035	1034
1035	1044
1035	1046
1035	1076
1036	1037
1037	1036
1038	1039
1038	1045
1038	1055
1039	1036
1039	1045
1040	1029
1040	1033
1040	1035
1040	1036
1040	1037
1040	1038
1040	1039
1040	1044
1040	1046
1040	1050
1051	1049
1055	1067
1056	1067
1059	1067
1061	1067
1063	1062
1064	1067
1065	1066
1066	1065
1066	1067
1067	1056
1067	1059
1067	1060
1067	1066
1067	1067
1070	1071
1071	1070
1072	1073
1072	1074
1073	1072
1074	1072
1074	1073
1076	1044
1076	1077
1077	1076
1078	1079
1079	1078
1080	1081
1082	1083
1083	1082
1086	1087
1087	1086
1088	1089
1089	1088
1090	1089
1091	1092
1091	1093
1091	1096
1091	1097
1091	1099
1091	1100
1091	1101
1091	1107
1091	1108
1091	1109
1091	1112
1091	1113
1091	1114
1092	1093
1092	1094
1092	1096
1092	1098
1092	1099
1092	1100
1092	1101
1092	1107
1092	1108
1092	1109
1092	1112
1092	1114
1092	1124
1093	1091
1093	1092
1093	1094
1093	1098
1093	1099
1093	1100
1093	1101
1093	1104
1093	1107
1093	1108
1093	1109
1093	1112
1093	1114
1094	1093
1094	1095
1094	1099
1094	1100
1094	1101
1094	1103
1094	1107
1094	1108
1094	1109
1094	1110
1094	1112
1094	1113
1094	1114
1094	1121
1095	1094
1095	1096
1095	1098
1095	1099
1095	1100
1095	1101
1095	1107
1095	1108
1095	1109
1095	1112
1095	1114
1096	1092
1096	1093
1096	1095
1096	1097
1096	1099
1096	1100
1096	1101
1096	1107
1096	1108
1096	1109
1096	1112
1096	1114
1097	1091
1097	1096
1097	1099
1097	1100
1097	1101
1097	1107
1097	1108
1097	1109
1097	1112
1097	1114
1098	1092
1098	1094
1098	1099
1098	1100
1098	1101
1098	1104
1098	1107
1098	1108
1098	1109
1098	1112
1098	1114
1098	1119
1098	1145
1099	1114
1100	1108
1100	1109
1101	1091
1101	1092
1101	1093
1101	1094
1101	1095
1101	1096
1101	1097
1101	1098
1101	1119
1102	1109
1102	1127
1104	1109
1106	1100
1106	1104
1106	1105
1106	1108
1106	1109
1106	1112
1106	1114
1107	1108
1107	1109
1107	1143
1108	1091
1108	1092
1108	1094
1108	1095
1108	1097
1108	1098
1108	1101
1108	1106
1108	1107
1108	1109
1108	1110
1108	1112
1108	1113
1108	1114
1108	1143
1109	1102
1109	1104
1109	1107
1109	1108
1109	1110
1109	1111
1109	1112
1109	1113
1109	1114
1109	1124
1109	1125
1110	1099
1110	1107
1110	1108
1110	1113
1111	1099
1111	1102
1111	1103
1111	1104
1111	1107
1111	1109
1111	1112
1111	1113
1111	1114
1111	1121
1111	1146
1112	1091
1112	1108
1112	1109
1112	1111
1112	1113
1112	1114
1113	1094
1113	1107
1113	1108
1113	1110
1113	1111
1113	1112
1113	1114
1114	1091
1114	1093
1114	1097
1114	1099
1114	1108
1114	1109
1114	1111
1114	1112
1114	1113
1115	1118
1116	1102
1117	1157
1118	1102
1118	1111
1118	1115
1119	1101
1127	1102
1130	1131
1132	1115
1132	1139
1142	1137
1143	1107
1157	1117
1158	1159
1163	1164
1164	1163
1168	1169
1169	1171
1170	1171
1171	1170
1171	1172
1171	1173
1171	1175
1171	1176
1171	1177
1172	1171
1173	1171
1174	1171
1175	1174
1176	1171
1177	1171
1178	1176
1180	1708
1184	1185
1187	1188
1196	1197
1197	1196
1198	1830
1204	1205
1204	1206
1205	1204
1205	1206
1206	1204
1206	1205
1207	1208
1212	1213
1214	973
1217	1216
1217	1218
1217	1220
1218	1217
1218	1219
1219	1217
1219	1218
1220	1217
1220	1218
1220	1219
1220	1221
1221	1220
1224	1223
1224	1225
1224	1227
1225	1226
1226	1224
1226	1225
1228	1229
1229	1228
1231	1233
1232	1231
1232	1233
1233	1231
1233	1232
1235	2277
1238	1239
1239	1238
1240	1238
1250	1251
1251	1250
1255	1254
1255	1256
1256	1255
1262	1263
1262	1264
1266	1267
1266	1268
1267	1266
1267	1268
1268	1266
1268	1267
1271	1272
1278	2815
1280	1279
1281	1282
1282	1281
1285	2610
1286	1287
1286	1288
1287	1286
1287	1288
1288	1286
1288	1287
1289	1291
1291	1289
1291	1292
1292	1291
1293	2510
1298	1322
1298	1422
1300	1337
1300	1514
1301	1302
1301	1303
1303	1301
1312	1322
1312	1367
1313	1318
1313	1322
1313	1353
1313	1415
1313	1431
1313	1438
1313	1441
1313	1459
1314	1322
1314	1357
1315	1322
1316	1322
1316	1412
1316	1514
1317	1322
1317	1330
1318	1319
1318	1320
1318	1435
1319	1318
1319	1320
1319	1322
1319	1346
1319	1358
1319	1395
1320	1318
1320	1319
1320	1321
1320	1322
1320	1338
1320	1388
1321	1318
1321	1319
1321	1320
1321	1322
1321	1437
1321	1548
1322	1320
1322	1335
1322	1345
1322	1352
1322	1388
1322	1411
1322	1447
1322	1514
1323	1322
1323	1324
1323	1325
1323	1412
1324	1322
1324	1323
1324	1325
1324	1364
1324	1412
1324	1483
1325	1322
1325	1323
1325	1324
1325	1326
1325	1405
1325	1412
1326	1322
1326	1325
1326	1357
1326	1358
1326	1385
1326	1405
1326	1411
1326	1412
1326	1514
1326	1543
1327	1322
1327	1346
1327	1353
1327	1518
1328	1322
1328	1329
1328	1363
1328	1514
1329	1322
1329	1328
1329	1363
1330	1317
1330	1322
1331	1322
1331	1332
1331	1447
1332	1315
1332	1322
1332	1331
1332	1333
1332	1334
1332	1344
1332	1345
1332	1360
1333	1322
1333	1331
1333	1332
1333	1334
1334	1322
1334	1332
1334	1333
1334	1337
1335	1322
1335	1334
1335	1336
1335	1337
1335	1416
1335	1417
1336	1322
1336	1352
1336	1416
1336	1442
1337	1300
1337	1322
1337	1334
1337	1442
1338	1322
1339	1313
1339	1322
1339	1363
1340	1322
1340	1363
1341	1322
1342	1322
1342	1363
1343	1322
1343	1345
1343	1385
1343	1388
1343	1514
1344	1322
1344	1343
1344	1345
1344	1543
1345	1322
1345	1343
1345	1344
1346	1322
1346	1327
1346	1347
1346	1395
1346	1422
1347	1322
1347	1346
1347	1348
1347	1422
1348	1322
1348	1346
1348	1347
1348	1422
1349	1322
1349	1372
1349	1385
1349	1447
1350	1322
1351	1322
1351	1548
1352	1322
1352	1353
1352	1400
1353	1313
1353	1441
1354	1322
1355	1322
1355	1405
1355	1451
1356	1374
1356	1412
1357	1314
1357	1322
1357	1326
1357	1332
1358	1318
1358	1319
1358	1320
1358	1322
1358	1359
1358	1412
1358	1423
1358	1431
1358	1437
1358	1514
1359	1322
1359	1355
1359	1357
1359	1358
1359	1385
1360	1315
1360	1322
1360	1352
1360	1386
1360	1447
1362	1322
1363	1322
1363	1324
1363	1328
1363	1329
1363	1338
1363	1339
1363	1340
1363	1341
1363	1354
1363	1362
1363	1388
1363	1460
1363	1462
1364	1322
1364	1324
1365	1322
1366	1322
1367	1312
1367	1322
1368	1322
1369	1322
1369	1385
1370	1322
1371	1316
1371	1343
1371	1346
1371	1395
1371	1437
1372	1322
1373	1320
1374	1356
1374	1365
1374	1496
1375	1322
1375	1429
1376	1322
1377	1315
1377	1327
1377	1338
1377	1346
1377	1367
1377	1374
1377	1407
1378	1322
1379	1322
1380	1322
1380	1365
1380	1381
1380	1408
1380	1412
1380	1422
1380	1436
1381	1322
1381	1375
1381	1380
1381	1408
1381	1421
1382	1384
1383	1384
1384	1322
1384	1362
1384	1363
1384	1382
1384	1383
1385	1317
1385	1321
1385	1326
1385	1343
1385	1347
1385	1349
1385	1351
1385	1359
1385	1364
1385	1367
1385	1369
1385	1386
1385	1412
1385	1421
1385	1474
1385	1506
1386	1322
1386	1385
1386	1455
1386	1479
1388	1317
1388	1322
1388	1338
1388	1340
1388	1343
1388	1347
1388	1355
1388	1362
1388	1363
1388	1384
1388	1389
1388	1406
1388	1412
1388	1422
1388	1482
1388	1494
1389	1388
1391	1322
1391	1446
1393	1499
1394	1322
1395	1346
1396	1322
1396	1431
1398	1486
1398	1487
1399	1353
1399	1431
1400	1352
1400	1353
1400	1399
1402	1444
1402	1445
1402	1450
1403	1417
1404	1298
1404	1322
1404	1422
1404	1447
1404	1514
1404	1518
1404	1529
1405	1310
1405	1325
1405	1326
1405	1363
1405	1428
1406	1322
1406	1499
1407	1377
1411	1316
1411	1322
1411	1325
1411	1326
1411	1356
1411	1358
1411	1405
1411	1412
1411	1414
1411	1418
1411	1419
1411	1442
1412	1323
1412	1324
1412	1325
1412	1385
1412	1437
1412	1438
1412	1514
1412	1548
1413	1548
1414	1411
1414	1412
1414	1413
1415	1313
1416	1336
1416	1447
1416	1450
1417	1319
1417	1320
1417	1322
1417	1403
1417	1420
1417	1548
1418	1419
1418	1442
1419	1322
1419	1411
1419	1417
1419	1418
1419	1442
1419	1504
1420	1335
1420	1417
1421	1381
1422	1298
1422	1321
1422	1322
1422	1340
1422	1374
1422	1377
1422	1404
1422	1497
1423	1427
1424	1322
1424	1387
1424	1425
1424	1427
1424	1491
1425	1318
1425	1416
1425	1435
1425	1445
1425	1447
1425	1450
1427	1426
1429	1322
1429	1375
1429	1451
1430	1322
1431	1313
1431	1322
1431	1399
1431	1400
1431	1438
1431	1478
1432	1322
1432	1433
1433	1432
1433	1434
1434	1365
1434	1432
1434	1433
1435	1318
1436	1375
1436	1380
1436	1381
1437	1401
1438	1514
1441	1322
1441	1353
1441	1417
1441	1514
1442	1322
1442	1336
1442	1411
1442	1418
1442	1419
1442	1442
1442	1514
1442	1520
1442	1529
1442	1543
1443	1322
1443	1329
1443	1349
1443	1396
1443	1431
1443	1478
1443	1484
1443	1514
1444	1445
1445	1402
1445	1444
1445	1514
1445	1543
1446	1391
1447	1322
1447	1349
1447	1416
1447	1425
1447	1448
1447	1449
1447	1450
1447	1451
1447	1453
1447	1454
1447	1467
1447	1470
1447	1472
1447	1473
1447	1474
1447	1476
1448	1322
1448	1447
1449	1447
1449	1448
1449	1451
1449	1472
1450	1318
1450	1322
1450	1336
1450	1402
1450	1416
1450	1425
1450	1435
1450	1445
1450	1447
1450	1451
1450	1453
1450	1454
1450	1472
1451	1322
1451	1421
1451	1447
1451	1452
1451	1470
1451	1472
1451	1474
1452	1451
1453	1447
1453	1450
1453	1451
1453	1454
1453	1472
1453	1473
1454	1322
1454	1447
1454	1451
1454	1453
1454	1455
1454	1472
1454	1473
1454	1474
1455	1447
1455	1454
1455	1473
1456	1322
1456	1447
1456	1457
1457	1322
1457	1458
1457	1462
1457	1464
1457	1467
1457	1474
1458	1322
1458	1328
1458	1456
1458	1457
1458	1462
1458	1464
1459	1313
1459	1322
1459	1506
1461	1457
1461	1460
1461	1462
1461	1463
1462	1322
1462	1328
1462	1363
1462	1380
1462	1451
1462	1456
1462	1457
1462	1458
1462	1459
1462	1460
1462	1461
1462	1463
1462	1464
1462	1471
1463	1457
1463	1461
1463	1462
1464	1322
1464	1465
1464	1466
1464	1467
1464	1472
1464	1473
1465	1464
1465	1466
1465	1467
1466	1464
1466	1465
1467	1322
1467	1447
1467	1464
1467	1465
1467	1466
1467	1472
1467	1473
1467	1474
1469	1322
1469	1447
1469	1468
1469	1472
1469	1483
1469	1496
1470	1322
1470	1447
1470	1451
1471	1322
1471	1345
1471	1373
1471	1458
1471	1460
1471	1462
1471	1464
1471	1472
1471	1474
1472	1322
1472	1447
1472	1451
1472	1467
1472	1473
1472	1474
1472	1476
1473	1447
1473	1467
1473	1472
1473	1474
1474	1385
1474	1447
1474	1451
1474	1471
1474	1472
1474	1473
1474	1546
1474	1547
1475	1490
1476	1472
1476	1499
1478	1431
1479	1386
1480	1481
1481	1480
1482	1322
1482	1388
1483	1324
1483	1377
1484	1499
1484	1503
1485	1347
1485	1431
1486	1398
1486	1487
1488	1489
1489	1488
1490	1462
1490	1475
1490	1483
1493	1500
1494	1322
1494	1388
1496	1469
1497	1422
1498	1469
1499	1338
1499	1370
1499	1391
1499	1422
1499	1472
1499	1476
1499	1484
1499	1510
1499	1514
1499	1518
1499	1529
1500	1493
1501	1500
1503	1413
1503	1484
1503	1499
1503	1514
1503	1521
1504	1411
1504	1417
1504	1419
1504	1437
1504	1514
1504	1516
1505	1469
1506	1385
1507	1514
1507	1520
1508	1509
1508	1543
1509	1508
1509	1509
1509	1514
1509	1543
1510	1514
1510	1516
1510	1543
1510	1548
1511	1514
1511	1522
1512	1511
1512	1514
1512	1527
1513	1514
1513	1518
1513	1520
1513	1521
1513	1523
1513	1529
1513	1543
1514	1322
1514	1344
1514	1404
1514	1422
1514	1445
1514	1499
1514	1510
1514	1513
1514	1515
1514	1516
1514	1517
1514	1518
1514	1519
1514	1520
1514	1521
1514	1523
1514	1526
1514	1528
1514	1529
1514	1531
1514	1532
1514	1533
1514	1536
1514	1537
1514	1540
1514	1542
1514	1543
1515	1514
1515	1516
1515	1517
1515	1518
1515	1520
1515	1529
1515	1531
1515	1535
1515	1543
1516	1417
1516	1422
1516	1484
1516	1503
1516	1510
1516	1514
1516	1515
1516	1517
1516	1529
1516	1543
1517	1514
1517	1515
1517	1516
1517	1520
1517	1521
1517	1537
1517	1543
1518	1327
1518	1344
1518	1514
1518	1515
1518	1516
1518	1517
1518	1529
1519	1514
1519	1516
1519	1517
1519	1518
1519	1520
1519	1529
1519	1531
1520	1442
1520	1507
1520	1514
1520	1529
1520	1539
1521	1332
1521	1333
1521	1334
1521	1335
1521	1387
1521	1411
1521	1413
1521	1484
1521	1503
1521	1514
1521	1518
1521	1529
1521	1540
1522	1511
1522	1514
1522	1525
1522	1526
1522	1527
1523	1513
1523	1514
1523	1518
1523	1529
1524	1514
1524	1525
1524	1529
1524	1535
1524	1543
1525	1514
1525	1521
1525	1524
1525	1528
1525	1529
1526	1514
1526	1529
1527	1512
1527	1514
1527	1518
1527	1521
1527	1522
1527	1525
1527	1526
1527	1528
1527	1529
1527	1530
1527	1532
1527	1533
1527	1535
1528	1514
1528	1517
1528	1525
1528	1529
1528	1536
1529	1422
1529	1442
1529	1514
1529	1515
1529	1517
1529	1518
1529	1520
1529	1531
1529	1539
1530	1514
1530	1516
1530	1517
1530	1518
1530	1529
1530	1534
1530	1536
1530	1543
1531	1514
1531	1515
1531	1519
1531	1529
1532	1514
1532	1529
1532	1533
1533	1514
1533	1529
1533	1530
1533	1532
1533	1534
1533	1543
1534	1514
1534	1528
1534	1529
1534	1530
1534	1533
1534	1542
1535	1514
1535	1515
1535	1518
1535	1529
1535	1543
1536	1514
1536	1528
1536	1529
1536	1530
1537	1514
1537	1529
1538	1514
1538	1540
1539	1514
1539	1520
1539	1529
1540	1514
1540	1521
1540	1538
1540	1541
1541	1514
1541	1521
1541	1540
1541	1542
1542	1514
1542	1541
1543	1316
1543	1322
1543	1344
1543	1411
1543	1413
1543	1422
1543	1442
1543	1445
1543	1508
1543	1509
1543	1514
1543	1515
1543	1516
1543	1529
1543	1537
1546	1472
1546	1473
1546	1474
1547	1472
1547	1473
1547	1474
1548	1321
1548	1351
1548	1411
1548	1412
1548	1413
1548	1417
1548	1419
1548	1510
1549	1479
1552	1462
1555	1554
1559	2135
1559	2563
1560	1562
1561	1560
1572	1573
1573	1572
1573	1574
1574	1573
1574	1575
1575	1574
1577	2643
1585	1586
1586	1585
1587	1586
1588	1589
1593	1592
1596	1597
1597	1596
1602	1601
1603	1601
1604	1603
1624	1625
1624	1626
1624	1627
1624	1628
1625	1624
1625	1626
1625	1627
1626	1624
1626	1625
1626	1627
1627	1624
1627	1625
1627	1626
1628	1624
1628	1626
1628	1627
1630	1631
1637	1638
1637	1639
1638	2101
1642	1641
1643	1642
1656	2295
1656	2368
1663	1664
1664	1663
1669	1670
1670	1669
1673	2833
1676	1675
1677	1678
1677	1679
1678	1677
1678	1679
1681	1682
1686	1687
1687	1686
1689	2605
1691	2443
1696	1697
1697	2574
1713	1714
1713	1716
1714	1713
1714	1715
1715	1714
1716	1713
1716	1717
1717	1716
1720	1721
1722	1723
1722	1724
1722	1726
1723	1722
1725	1726
1726	1724
1728	1727
1731	1730
1737	1738
1738	1737
1740	1741
1741	1740
1742	1743
1742	1746
1742	2182
1744	1743
1747	1748
1747	1749
1748	1749
1748	1751
1749	1747
1749	1748
1749	1751
1750	1751
1750	1753
1751	1749
1752	1751
1753	1750
1753	1751
1753	1754
1771	1772
1777	1772
1777	1774
1781	969
1792	1794
1793	1792
1793	1794
1794	1792
1794	1793
1795	1796
1796	1795
1798	2848
1798	2950
1816	1817
1816	1819
1817	1816
1817	1818
1817	1819
1818	1816
1818	1817
1819	1816
1819	1817
1819	1820
1820	1819
1823	1824
1823	1825
1824	1823
1824	1825
1825	1824
1828	1829
1832	1833
1833	1832
1838	1839
1838	1840
1838	1841
1838	2195
1839	1838
1841	1838
1849	1852
1850	1852
1851	1850
1851	1852
1852	1850
1854	1855
1854	1860
1855	1854
1855	1860
1856	1860
1856	1861
1858	1861
1858	1865
1859	1858
1859	1860
1859	1861
1859	1865
1860	1854
1860	1858
1860	1861
1860	1862
1860	1864
1860	1868
1862	1860
1862	1866
1863	1860
1863	1864
1863	1867
1864	1863
1866	1860
1866	1862
1867	1860
1867	1863
1868	1860
1869	1870
1870	1869
1870	1871
1873	1875
1875	1873
1875	1876
1876	1875
1878	1859
1879	1849
1879	1880
1887	1886
1887	1888
1888	1887
1890	1889
1894	1893
1894	1900
1895	1893
1897	1893
1899	1898
1901	1893
1901	1894
1901	1902
1901	1903
1901	1908
1902	1896
1902	1907
1902	1909
1903	1896
1903	1902
1903	1906
1903	1908
1903	1909
1904	1902
1904	1905
1904	1906
1904	1910
1905	1902
1905	1903
1905	1904
1905	1906
1905	1910
1905	1915
1906	1907
1908	1902
1908	1906
1909	1893
1909	1902
1911	1903
1913	1914
1919	1917
1920	1917
1923	1928
1923	1929
1924	1923
1924	1928
1924	1930
1925	1924
1928	1923
1928	1926
1928	1927
1928	1929
1928	1936
1929	1930
1930	1927
1930	1929
1933	1934
1933	1935
1933	1936
1933	1937
1936	1924
1936	1925
1936	1933
1936	1935
1936	1937
1942	2032
1942	2033
1942	2036
1943	2032
1943	2033
1943	2036
1944	2032
1944	2033
1944	2036
1945	2032
1945	2033
1945	2036
1946	2032
1946	2033
1946	2036
1947	2032
1947	2033
1947	2036
1948	2032
1948	2033
1948	2036
1949	2032
1949	2033
1949	2036
1950	2032
1950	2033
1950	2036
1951	2032
1951	2033
1951	2036
1952	2032
1952	2033
1952	2036
1953	2032
1953	2033
1953	2036
1954	2032
1954	2033
1954	2036
1955	2032
1955	2033
1955	2036
1956	2032
1956	2033
1956	2036
1957	2032
1957	2033
1957	2036
1958	2032
1958	2033
1958	2036
1959	2032
1959	2033
1959	2036
1960	2032
1960	2033
1960	2036
1961	2032
1961	2033
1961	2036
1962	2032
1962	2033
1962	2036
1963	2032
1963	2033
1963	2036
1964	2032
1964	2033
1964	2036
1965	2032
1965	2033
1965	2036
1966	2032
1966	2033
1966	2036
1967	2032
1967	2033
1967	2036
1968	2032
1968	2033
1968	2036
1969	2032
1969	2033
1969	2036
1970	2032
1970	2033
1970	2036
1971	2032
1971	2033
1971	2036
1972	2032
1972	2033
1972	2036
1973	2032
1973	2033
1973	2036
1974	2032
1974	2033
1974	2036
1975	2032
1975	2033
1975	2036
1976	2032
1976	2033
1976	2036
1977	2032
1977	2033
1977	2036
1978	2032
1978	2033
1978	2036
1979	2032
1979	2033
1979	2036
1980	2032
1980	2033
1980	2036
1981	2032
1981	2033
1981	2036
1982	2032
1982	2033
1982	2036
1983	2032
1983	2033
1983	2036
1984	2032
1984	2033
1984	2036
1985	2032
1985	2033
1985	2036
1986	2032
1986	2033
1986	2036
1987	2032
1987	2033
1987	2036
1988	2032
1988	2033
1988	2036
1989	2032
1989	2033
1989	2036
1990	2032
1990	2033
1990	2036
1991	2032
1991	2033
1991	2036
1992	2032
1992	2033
1992	2036
1993	2032
1993	2033
1993	2036
1994	2032
1994	2033
1994	2036
1995	2032
1995	2033
1995	2036
1996	2032
1996	2033
1996	2036
1997	2032
1997	2033
1997	2036
1998	2032
1998	2033
1998	2036
1999	2032
1999	2033
1999	2036
2e3	2032
2e3	2033
2e3	2036
2001	2032
2001	2033
2001	2036
2002	2032
2002	2033
2002	2036
2003	2032
2003	2033
2003	2036
2004	2032
2004	2033
2004	2036
2005	2032
2005	2033
2005	2036
2006	2032
2006	2033
2006	2036
2007	2032
2007	2033
2007	2036
2008	2032
2008	2033
2008	2036
2009	2032
2009	2033
2009	2036
2010	2032
2010	2033
2010	2036
2011	2032
2011	2033
2011	2036
2012	2032
2012	2033
2012	2036
2013	2032
2013	2033
2013	2036
2014	2032
2014	2033
2014	2036
2015	2032
2015	2033
2015	2036
2016	2032
2016	2033
2016	2036
2017	2032
2017	2033
2017	2036
2018	2032
2018	2033
2018	2036
2019	2032
2019	2033
2019	2036
2020	2032
2020	2033
2020	2036
2021	2032
2021	2033
2021	2036
2022	2032
2022	2033
2022	2036
2023	2032
2023	2033
2023	2036
2024	2032
2024	2033
2024	2036
2025	2032
2025	2033
2025	2036
2026	2032
2026	2033
2026	2036
2027	2032
2027	2033
2027	2036
2028	2032
2028	2033
2028	2036
2029	2032
2029	2033
2029	2036
2030	2032
2030	2033
2030	2036
2031	2032
2031	2033
2031	2036
2032	2033
2032	2088
2033	2032
2033	2036
2033	2070
2033	2075
2033	2084
2034	2032
2034	2033
2034	2036
2035	2032
2035	2033
2035	2036
2036	1951
2036	1987
2036	2032
2036	2033
2036	2037
2036	2049
2036	2087
2037	1942
2037	1943
2037	1944
2037	1945
2037	1946
2037	1947
2037	1948
2037	1949
2037	1950
2037	1951
2037	1952
2037	1953
2037	1954
2037	1955
2037	1956
2037	1957
2037	1958
2037	1959
2037	1960
2037	1961
2037	1962
2037	1963
2037	1964
2037	1965
2037	1966
2037	1967
2037	1968
2037	1969
2037	1970
2037	1971
2037	1972
2037	1973
2037	1974
2037	1975
2037	1976
2037	1977
2037	1978
2037	1979
2037	1980
2037	1981
2037	1982
2037	1983
2037	1984
2037	1985
2037	1986
2037	1987
2037	1988
2037	1989
2037	1990
2037	1991
2037	1992
2037	1993
2037	1994
2037	1995
2037	1996
2037	1997
2037	1998
2037	1999
2037	2e3
2037	2001
2037	2002
2037	2003
2037	2004
2037	2005
2037	2006
2037	2007
2037	2008
2037	2009
2037	2010
2037	2011
2037	2012
2037	2013
2037	2014
2037	2015
2037	2016
2037	2017
2037	2018
2037	2019
2037	2020
2037	2021
2037	2022
2037	2023
2037	2024
2037	2025
2037	2026
2037	2027
2037	2028
2037	2029
2037	2030
2037	2031
2037	2032
2037	2033
2037	2034
2037	2035
2037	2038
2037	2039
2037	2040
2037	2041
2037	2042
2037	2043
2037	2044
2037	2045
2037	2046
2037	2047
2037	2048
2037	2049
2037	2050
2037	2051
2037	2052
2037	2053
2037	2054
2037	2055
2037	2056
2037	2057
2037	2058
2037	2059
2037	2060
2037	2061
2037	2062
2037	2063
2037	2064
2037	2065
2037	2076
2037	2077
2037	2087
2038	2032
2038	2033
2038	2036
2039	2032
2039	2033
2039	2036
2040	2032
2040	2033
2040	2036
2041	2032
2041	2033
2041	2036
2042	2032
2042	2033
2042	2036
2043	2032
2043	2033
2043	2036
2044	2032
2044	2033
2044	2036
2045	2032
2045	2033
2045	2036
2046	2032
2046	2033
2046	2036
2047	2032
2047	2033
2047	2036
2048	2032
2048	2033
2048	2036
2049	2032
2049	2033
2049	2036
2050	2032
2050	2033
2050	2036
2051	2032
2051	2033
2051	2036
2052	2032
2052	2033
2052	2036
2053	2032
2053	2033
2053	2036
2054	2032
2054	2033
2054	2036
2055	2032
2055	2033
2055	2036
2056	2032
2056	2033
2056	2036
2057	2032
2057	2033
2057	2036
2058	2032
2058	2033
2058	2036
2059	2032
2059	2033
2059	2036
2060	2032
2060	2033
2060	2036
2061	2032
2061	2033
2061	2036
2062	2032
2062	2033
2062	2036
2063	2032
2063	2033
2063	2036
2064	2032
2064	2033
2064	2036
2065	2032
2065	2033
2065	2036
2066	2032
2066	2033
2066	2070
2067	2032
2067	2033
2067	2070
2068	2032
2068	2033
2068	2070
2069	2032
2069	2033
2069	2070
2070	2032
2070	2033
2070	2066
2070	2067
2070	2068
2070	2069
2070	2071
2070	2072
2070	2073
2070	2074
2070	2078
2070	2079
2070	2080
2070	2089
2071	2032
2071	2033
2071	2070
2072	2032
2072	2033
2072	2070
2073	2032
2073	2033
2073	2070
2074	2032
2074	2033
2074	2070
2075	2032
2075	2033
2076	2032
2076	2033
2076	2036
2077	2032
2077	2033
2077	2036
2078	2032
2078	2033
2078	2070
2079	2032
2079	2033
2079	2070
2080	2032
2080	2033
2080	2070
2081	2032
2081	2033
2081	2084
2082	2032
2082	2033
2082	2084
2083	2032
2083	2033
2083	2084
2084	2032
2084	2033
2084	2081
2084	2082
2084	2083
2084	2085
2084	2086
2085	2032
2085	2033
2085	2084
2086	2032
2086	2033
2086	2084
2087	2032
2087	2033
2087	2036
2088	2032
2089	2032
2089	2033
2089	2070
2092	2091
2093	2094
2093	2095
2094	2093
2094	2095
2095	2093
2095	2094
2101	1639
2102	2101
2103	2101
2105	2104
2106	2104
2108	914
2109	2110
2110	2109
2113	2114
2113	2115
2114	2113
2114	2115
2115	2113
2115	2114
2122	2123
2122	2678
2123	2122
2137	2138
2138	2137
2142	2141
2145	2146
2145	2147
2147	2145
2147	2146
2150	2149
2153	2154
2154	2153
2155	2156
2156	2155
2159	2160
2160	2159
2164	1789
2164	2162
2166	2165
2171	2170
2175	2177
2175	2179
2178	2179
2179	2178
2180	2181
2181	2180
2182	1742
2184	2183
2184	2185
2185	2184
2191	2116
2199	2198
2204	2205
2205	2204
2206	2207
2207	2206
2208	2274
2212	2211
2215	2216
2216	2215
2229	2230
2230	2229
2231	2242
2231	2246
2232	2246
2233	2242
2234	2241
2235	2233
2235	2242
2235	2246
2236	2231
2236	2239
2236	2241
2236	2246
2237	2234
2237	2240
2237	2241
2238	2244
2238	2246
2239	2233
2239	2242
2239	2244
2239	2246
2239	2248
2240	2237
2240	2239
2240	2241
2240	2246
2241	2234
2241	2237
2241	2239
2241	2240
2241	2244
2241	2245
2241	2246
2242	2233
2242	2235
2242	2246
2243	2239
2243	2241
2243	2248
2244	2246
2245	2241
2245	2244
2245	2246
2246	2234
2246	2237
2246	2239
2246	2240
2246	2241
2246	2242
2246	2244
2246	2245
2247	2244
2247	2246
2248	2239
2248	2243
2249	2243
2249	2248
2252	1754
2256	2255
2259	2260
2259	2261
2260	2259
2260	2261
2264	2265
2265	2264
2266	2264
2266	2844
2275	1656
2275	2281
2275	2324
2275	2377
2276	2287
2277	1235
2277	2299
2279	2285
2279	2315
2280	2302
2281	2290
2281	2292
2281	2299
2282	2279
2282	2285
2282	2290
2282	2297
2282	2315
2282	2360
2283	2277
2283	2302
2283	2327
2284	2281
2284	2285
2284	2286
2284	2290
2284	2297
2284	2334
2285	2283
2285	2286
2285	2288
2285	2295
2285	2299
2285	2302
2286	2285
2286	2287
2286	2288
2287	2285
2287	2286
2287	2299
2287	2306
2288	2285
2288	2286
2288	2287
2288	2325
2289	2285
2289	2286
2289	2301
2289	2332
2290	2279
2290	2281
2290	2291
2290	2292
2290	2297
2290	2334
2291	2290
2291	2296
2291	2374
2292	2278
2292	2281
2292	2290
2292	2297
2292	2310
2292	2311
2292	2358
2293	2285
2293	2290
2294	2302
2294	2333
2295	1656
2295	2288
2295	2298
2295	2299
2295	2302
2295	2305
2295	2306
2295	2307
2295	2314
2295	2325
2295	2330
2295	2331
2295	2341
2295	2342
2295	2361
2295	2363
2295	2367
2295	2368
2296	2297
2296	2300
2296	2336
2297	2290
2297	2298
2297	2299
2297	2302
2297	2334
2298	2295
2298	2297
2298	2304
2299	2285
2299	2286
2299	2287
2299	2295
2299	2297
2299	2303
2299	2317
2299	2333
2301	2278
2301	2297
2301	2298
2301	2300
2301	2303
2301	2304
2301	2331
2301	2333
2302	2285
2303	2285
2303	2300
2303	2308
2304	2297
2304	2299
2305	2285
2305	2286
2305	2295
2305	2306
2306	2286
2306	2287
2306	2295
2306	2305
2308	2278
2308	2308
2309	2284
2310	2311
2312	2285
2312	2297
2312	2301
2313	2372
2313	2734
2314	2295
2315	2734
2316	2290
2316	2960
2317	2297
2320	2321
2321	2320
2322	2324
2323	2334
2323	2335
2323	2423
2324	2275
2324	2323
2324	2335
2325	2295
2326	2327
2326	2334
2326	2508
2327	2302
2327	2326
2327	2334
2328	2287
2328	2322
2328	2325
2328	2330
2328	2333
2328	2340
2328	2341
2330	2295
2331	2325
2331	2333
2332	2299
2332	2301
2332	2331
2332	2333
2333	2302
2333	2323
2333	2325
2333	2326
2333	2331
2333	2334
2333	2339
2333	2361
2334	2290
2334	2297
2334	2300
2334	2303
2334	2304
2334	2322
2334	2323
2334	2324
2334	2335
2335	2324
2336	2323
2336	2334
2338	2339
2338	2361
2338	2368
2339	2338
2340	2328
2340	2330
2341	2328
2341	2330
2342	2761
2343	2402
2343	2767
2344	2334
2346	865
2350	2303
2351	2281
2353	2290
2358	2292
2364	1656
2364	2362
2368	2299
2370	2371
2371	2370
2372	2313
2375	2374
2376	2336
2376	2377
2377	2323
2377	2376
2377	2423
2381	2380
2381	2381
2381	2382
2381	2384
2381	2391
2382	2380
2382	2381
2383	2381
2383	2382
2385	2381
2386	2387
2387	2386
2387	2394
2391	2380
2391	2392
2391	2395
2391	2498
2391	2508
2391	2724
2391	2726
2392	2381
2392	2391
2392	2393
2392	2498
2392	2508
2393	2391
2393	2392
2393	2394
2393	2395
2393	2498
2393	2508
2394	2387
2394	2391
2394	2392
2394	2393
2394	2395
2395	2391
2395	2394
2397	2294
2397	2325
2397	2731
2398	2327
2398	2397
2399	2397
2400	2397
2400	2399
2401	2402
2401	2404
2401	2406
2401	2407
2401	2408
2401	2410
2401	2411
2401	2412
2401	2413
2401	2414
2402	2404
2402	2406
2402	2407
2402	2408
2402	2410
2402	2411
2402	2412
2402	2413
2402	2414
2402	2722
2403	2402
2403	2404
2403	2405
2403	2406
2403	2407
2403	2408
2403	2410
2403	2411
2403	2412
2403	2413
2403	2414
2404	2402
2404	2406
2404	2407
2404	2408
2404	2410
2404	2411
2404	2412
2404	2413
2404	2414
2405	2402
2405	2404
2405	2406
2405	2407
2405	2408
2405	2410
2405	2411
2405	2412
2405	2413
2405	2414
2406	2404
2406	2407
2406	2408
2406	2410
2406	2411
2406	2412
2406	2413
2406	2414
2407	2402
2407	2404
2407	2406
2407	2408
2407	2410
2407	2411
2407	2412
2407	2413
2407	2414
2408	2402
2408	2404
2408	2406
2408	2407
2408	2410
2408	2411
2408	2412
2408	2413
2408	2414
2408	2416
2409	2402
2409	2404
2409	2406
2409	2407
2409	2408
2409	2410
2409	2411
2409	2412
2409	2413
2409	2414
2410	2333
2410	2398
2410	2402
2410	2404
2410	2406
2410	2407
2410	2408
2410	2409
2410	2411
2410	2412
2410	2413
2410	2414
2410	2777
2411	2333
2411	2402
2411	2404
2411	2405
2411	2406
2411	2407
2411	2408
2411	2409
2411	2410
2411	2412
2411	2413
2411	2414
2412	2402
2412	2404
2412	2406
2412	2407
2412	2408
2412	2409
2412	2410
2412	2411
2412	2413
2412	2414
2413	2402
2413	2404
2413	2406
2413	2407
2413	2408
2413	2409
2413	2410
2413	2411
2413	2412
2413	2414
2414	2402
2414	2404
2414	2405
2414	2406
2414	2407
2414	2408
2414	2409
2414	2410
2414	2411
2414	2412
2414	2413
2415	2407
2415	2411
2415	2416
2415	2417
2416	2415
2417	2407
2417	2408
2417	2753
2419	2865
2422	2290
2422	2291
2422	2397
2423	2323
2423	2422
2425	2424
2425	2429
2425	2436
2426	2465
2427	2431
2428	2425
2428	2426
2428	2433
2428	2437
2431	2427
2432	2433
2434	2425
2434	2426
2435	2433
2435	2437
2436	2425
2436	2426
2437	2425
2437	2426
2437	2428
2437	2431
2437	2435
2437	2438
2440	2439
2441	2425
2441	2444
2442	2431
2442	2740
2443	1691
2444	2441
2445	2423
2448	2449
2451	2466
2454	2455
2456	2466
2458	2420
2461	2462
2465	2426
2466	2467
2471	2470
2473	2474
2473	2475
2474	2473
2475	2473
2475	2474
2476	2477
2479	2488
2480	2479
2480	2482
2482	2483
2482	2484
2482	2485
2484	2482
2484	2483
2485	2483
2485	2484
2491	2492
2493	2494
2494	2493
2495	2501
2497	2508
2498	2499
2498	2500
2498	2501
2498	2502
2498	2503
2498	2508
2499	2381
2499	2500
2499	2501
2499	2502
2499	2503
2499	2506
2500	2496
2500	2498
2500	2499
2500	2501
2500	2502
2500	2503
2500	2507
2501	2285
2501	2495
2501	2498
2501	2499
2501	2500
2501	2502
2501	2503
2502	2498
2502	2499
2502	2500
2502	2501
2502	2503
2503	2298
2503	2498
2503	2499
2503	2500
2503	2501
2503	2502
2505	2497
2505	2498
2506	2499
2508	2498
2508	2499
2508	2500
2508	2501
2508	2502
2508	2503
2508	2722
2508	2724
2510	1293
2511	2513
2512	2511
2513	2511
2513	2514
2514	2513
2515	2516
2518	2705
2530	2532
2531	2532
2532	2530
2532	2531
2533	2530
2541	2542
2541	2544
2548	2549
2562	2561
2570	2571
2571	2570
2572	1579
2576	1701
2582	2583
2583	244
2589	2590
2590	2589
2594	2595
2595	2594
2599	2598
2600	942
2603	2602
2604	2605
2605	1689
2605	2604
2628	2625
2628	2627
2628	2635
2631	2628
2631	2634
2631	2635
2633	2627
2635	2628
2637	2632
2642	2641
2643	1577
2643	2498
2644	2645
2645	2641
2645	2644
2647	2649
2648	2649
2649	2647
2649	2648
2649	2650
2649	2651
2650	2641
2650	2649
2651	2649
2656	2658
2657	2656
2657	2658
2658	2656
2668	2667
2670	2669
2672	2674
2672	2675
2674	2672
2674	2673
2674	2675
2675	2672
2675	2674
2685	1021
2688	2689
2694	2374
2697	2696
2703	2712
2704	2820
2704	2826
2705	2706
2705	2707
2705	2708
2705	2709
2705	2710
2705	2711
2705	2713
2705	2714
2705	2715
2705	2820
2706	2704
2706	2705
2706	2707
2706	2708
2706	2709
2706	2710
2706	2711
2706	2713
2706	2714
2706	2715
2706	2820
2706	2833
2706	2963
2707	2705
2707	2706
2707	2708
2707	2709
2707	2710
2707	2711
2707	2712
2707	2713
2707	2714
2707	2715
2708	2705
2708	2706
2708	2707
2708	2709
2708	2710
2708	2711
2708	2713
2708	2714
2708	2715
2709	2705
2709	2706
2709	2707
2709	2708
2709	2710
2709	2711
2709	2712
2709	2713
2709	2714
2709	2715
2709	2851
2710	2705
2710	2706
2710	2707
2710	2708
2710	2709
2710	2711
2710	2713
2710	2714
2710	2715
2710	2851
2711	2703
2711	2705
2711	2706
2711	2707
2711	2708
2711	2709
2711	2710
2711	2713
2711	2714
2711	2715
2711	2820
2712	2705
2712	2706
2712	2707
2712	2708
2712	2709
2712	2710
2712	2711
2712	2713
2712	2715
2713	2705
2713	2706
2713	2707
2713	2708
2713	2709
2713	2710
2713	2711
2713	2712
2713	2714
2713	2715
2714	2704
2714	2716
2714	2819
2714	2834
2714	2959
2715	2705
2715	2706
2715	2707
2715	2708
2715	2709
2715	2710
2715	2711
2715	2713
2715	2714
2715	2719
2719	2705
2721	2723
2721	2839
2722	2402
2722	2726
2722	2735
2722	2851
2723	2722
2723	2724
2723	2725
2724	2721
2724	2722
2724	2725
2724	2726
2725	2722
2725	2724
2726	2722
2726	2723
2726	2724
2727	2840
2727	2841
2727	2842
2731	2777
2731	2907
2733	2732
2734	2315
2735	2722
2736	2734
2736	2735
2736	2737
2737	2734
2737	2735
2737	2736
2738	2734
2738	2735
2738	2736
2738	2737
2741	2742
2742	2741
2742	2852
2745	2746
2745	2800
2745	2857
2746	2857
2746	2858
2747	2727
2747	2748
2747	2841
2748	2747
2749	2752
2751	2844
2755	2756
2755	2883
2755	2936
2756	2755
2756	2757
2756	2758
2756	2815
2756	2868
2756	2870
2756	2871
2756	2883
2757	2756
2757	2815
2757	2868
2757	2882
2757	2883
2758	2815
2758	2868
2758	2877
2762	2735
2762	2768
2764	2769
2765	2764
2766	2752
2767	2343
2768	2762
2768	2840
2770	2769
2771	2844
2772	2902
2773	2822
2777	2732
2780	2489
2783	2782
2784	2782
2784	2785
2791	2792
2792	2791
2793	2795
2794	2795
2795	2793
2796	2827
2796	2901
2798	2848
2798	2950
2799	2800
2799	2801
2799	2826
2799	2857
2799	2858
2800	2745
2800	2801
2800	2802
2800	2841
2800	2858
2800	2859
2800	2860
2801	2800
2801	2841
2802	2800
2802	2858
2805	2862
2807	2871
2807	2872
2807	2917
2808	2950
2812	2283
2812	2295
2812	2361
2812	2364
2812	2963
2814	2950
2815	1278
2815	2759
2815	2883
2815	2887
2816	2902
2816	2963
2817	2816
2817	2963
2818	2848
2819	2714
2819	2834
2820	2705
2820	2706
2820	2707
2820	2708
2820	2709
2820	2710
2820	2711
2820	2825
2820	2828
2820	2831
2820	2836
2820	2837
2820	2902
2821	2820
2821	2822
2821	2827
2821	2833
2821	2955
2822	2820
2822	2821
2822	2836
2823	2824
2823	2852
2824	2822
2824	2836
2824	2953
2825	2819
2825	2820
2825	2827
2825	2831
2826	2799
2826	2814
2826	2902
2827	2821
2827	2825
2827	2836
2827	2837
2827	2848
2827	2953
2827	2967
2828	2820
2828	2832
2828	2850
2828	2984
2829	2820
2829	2828
2829	2850
2829	2902
2829	2963
2830	2824
2830	2827
2831	2707
2831	2818
2831	2820
2831	2825
2831	2827
2831	2830
2832	2714
2832	2820
2832	2828
2833	2706
2833	2820
2833	2824
2833	2834
2833	2835
2833	2986
2834	2714
2834	2833
2835	2820
2835	2894
2835	2901
2835	2908
2836	2822
2836	2825
2836	2827
2836	2831
2836	2848
2836	2931
2836	2932
2836	2950
2837	2824
2837	2827
2838	2826
2839	2722
2839	2723
2839	2724
2839	2725
2839	2730
2839	2842
2839	2849
2841	2727
2841	2747
2841	2800
2841	2847
2841	2860
2841	2971
2842	2727
2842	2839
2842	2841
2842	2844
2842	2980
2843	2725
2843	2733
2843	2839
2843	2844
2843	2845
2843	2974
2844	2751
2844	2769
2844	2771
2844	2842
2844	2851
2845	2777
2846	2842
2846	2845
2846	2970
2847	2841
2847	2860
2847	2861
2848	2864
2848	2883
2848	2947
2848	2950
2848	2960
2848	2963
2848	3e3
2849	2902
2850	2820
2850	2828
2850	2848
2850	2866
2850	2903
2850	2906
2850	2934
2850	2963
2850	2984
2850	2985
2851	2844
2852	2744
2853	2854
2854	2853
2855	2853
2855	2854
2856	979
2858	2746
2858	2799
2858	2860
2859	2826
2859	2857
2859	2858
2859	2860
2860	2841
2860	2861
2860	2877
2861	2860
2861	2877
2861	2932
2862	2902
2863	2864
2863	2950
2863	3e3
2864	2863
2864	2935
2864	2950
2864	2969
2864	2994
2866	2932
2866	2950
2867	2756
2867	2868
2867	2871
2867	2875
2867	2884
2867	2886
2867	2902
2867	2922
2867	2934
2867	2936
2868	2860
2868	2867
2868	2883
2868	2886
2869	2755
2869	2756
2869	2757
2869	2758
2869	2814
2869	2815
2869	2860
2869	2861
2869	2870
2869	2871
2869	2872
2869	2873
2869	2874
2869	2878
2869	2879
2869	2882
2869	2883
2869	2886
2869	2891
2869	2912
2869	2914
2869	2932
2869	2950
2869	2994
2870	2756
2870	2868
2870	2883
2870	2884
2870	2885
2870	2936
2871	2756
2871	2874
2871	2883
2872	2807
2872	2871
2872	2873
2872	2874
2872	2882
2872	2883
2872	2917
2873	2917
2874	2871
2874	2873
2874	2879
2874	2883
2874	2891
2875	2867
2875	2883
2876	2880
2876	2882
2876	2883
2877	2848
2877	2886
2878	2870
2878	2871
2878	2874
2878	2879
2878	2880
2878	2882
2878	2883
2879	2756
2879	2867
2879	2871
2879	2873
2879	2875
2879	2882
2879	2883
2879	2888
2879	2921
2879	2922
2879	2932
2879	2936
2880	2876
2880	2883
2881	2876
2881	2878
2881	2880
2881	2883
2881	2915
2882	2876
2882	2878
2882	2879
2882	2883
2882	2918
2883	2755
2883	2757
2883	2815
2883	2870
2883	2872
2883	2874
2883	2876
2883	2878
2883	2879
2883	2882
2884	2867
2884	2870
2884	2885
2884	2886
2884	2950
2885	2884
2886	2848
2886	2888
2886	2912
2886	2932
2886	2950
2887	2815
2887	2883
2888	2867
2888	2884
2888	2950
2889	2877
2889	2883
2889	2897
2889	2950
2890	2901
2890	2908
2891	2874
2892	2903
2892	2908
2893	2877
2894	2901
2894	2908
2895	2891
2895	2893
2896	2913
2896	2963
2898	2848
2898	2897
2898	2899
2898	2900
2898	2901
2898	2906
2898	2934
2898	2935
2899	2898
2899	2900
2899	2906
2900	2906
2901	2796
2901	2831
2901	2890
2901	2894
2901	2902
2901	2906
2901	2910
2901	2934
2901	2962
2902	2772
2902	2820
2902	2826
2902	2848
2902	2849
2902	2862
2902	2877
2902	2878
2902	2879
2902	2880
2902	2903
2902	2915
2902	2932
2902	2933
2902	2934
2902	2935
2902	2936
2902	2963
2903	2878
2903	2879
2903	2934
2903	2999
2904	2882
2904	2895
2904	2906
2904	2935
2904	2963
2905	2874
2905	2907
2906	2850
2906	2896
2906	2899
2906	2900
2906	2913
2906	2921
2906	2927
2906	2934
2906	2984
2906	2985
2907	2896
2907	2905
2907	2915
2907	2918
2908	2901
2909	2894
2909	2908
2909	2910
2909	2914
2909	2984
2910	2901
2910	2963
2912	2860
2912	2883
2912	2934
2912	2936
2913	2896
2913	2906
2914	2873
2914	2926
2915	2918
2915	2998
2916	2882
2916	2883
2916	2917
2916	2918
2916	2919
2916	2921
2917	2807
2917	2873
2917	2883
2917	2916
2918	2882
2918	2883
2918	2907
2918	2915
2919	2916
2919	2917
2919	2918
2920	2935
2921	2902
2921	2911
2921	2915
2921	2916
2921	2924
2921	2926
2921	2929
2921	2930
2921	2934
2921	2936
2921	2937
2921	2939
2921	2941
2921	2943
2922	2867
2922	2915
2922	2926
2923	2911
2923	2917
2923	2921
2924	2921
2925	2914
2925	2928
2925	2931
2926	2873
2926	2919
2926	2921
2926	2930
2927	2906
2927	2921
2927	2940
2929	2921
2929	2959
2930	2921
2931	2878
2931	2879
2931	2911
2931	2924
2931	2929
2931	2937
2932	2856
2932	2866
2932	2902
2932	2903
2932	2921
2932	2934
2933	2815
2933	2826
2933	2880
2933	2915
2933	2935
2933	2936
2934	2815
2934	2883
2934	2901
2934	2902
2934	2903
2934	2906
2934	2912
2934	2915
2934	2916
2934	2921
2934	2932
2934	2935
2934	2936
2935	2920
2935	2934
2936	2815
2936	2867
2936	2883
2936	2886
2936	2912
2936	2916
2936	2918
2936	2921
2936	2932
2936	2935
2937	2921
2937	2931
2938	2915
2938	2921
2939	2921
2939	2930
2940	2898
2940	2927
2941	2906
2941	2915
2941	2921
2941	2935
2941	2938
2942	2921
2942	2924
2943	2921
2944	2745
2944	2746
2944	2749
2944	2750
2944	2752
2944	2766
2944	2800
2944	2823
2944	2826
2944	2830
2944	2838
2944	2856
2944	2857
2944	2858
2944	2859
2944	2905
2944	2907
2944	2968
2944	2972
2944	2975
2944	2982
2944	2983
2944	2998
2946	2998
2947	2950
2947	2979
2948	2929
2949	2883
2950	2798
2950	2864
2950	2947
2950	2963
2951	2950
2951	2952
2951	2953
2952	2951
2952	2953
2953	2818
2953	2951
2953	2954
2953	2955
2953	2956
2953	2959
2953	2967
2954	2848
2955	2953
2956	2959
2957	2848
2957	2959
2958	2959
2959	2848
2959	2957
2959	2963
2960	2848
2960	2950
2960	2963
2961	2963
2962	2908
2962	2959
2962	2967
2963	2829
2963	2950
2963	2993
2964	2921
2964	2959
2965	2963
2965	2990
2966	2963
2966	2993
2967	2908
2968	2902
2969	2864
2969	2950
2970	2845
2971	2841
2974	2843
2974	2905
2974	2975
2976	2950
2977	2325
2977	2848
2977	2850
2977	2962
2977	2978
2978	2848
2978	2950
2978	2979
2979	2978
2980	2840
2981	2963
2981	2966
2981	2993
2982	2939
2982	2983
2983	2982
2984	2828
2984	2894
2984	2906
2984	2959
2985	2850
2985	2906
2986	2959
2988	2932
2988	2987
2990	2963
2990	2991
2990	2993
2991	2963
2991	2993
2993	2848
2993	2963
2993	2966
2993	2990
2993	2991
2994	2950
2996	2815
2996	2878
2997	2950
2998	2826
2999	2901
3e3	2950
